5543
8724
6842
8265
8928
4711
6230
5980
6245
7383
505
2154
4429
363
2627
2439
4679
8420
3181
7058
9478
5763
5595
3591
8165
8341
4253
4712
2561
6703
9380
8593
7387
6486
6827
2973
2117
4323
7603
8820
9416
9617
673
1461
9065
8691
251
3058
5559
1750
1606
2919
2230
3307
6367
1502
5669
4081
3142
7501
67
9239
3695
3197
5223
8503
9550
8022
8335
9043
5828
2634
7268
2042
7549
8098
2695
6497
5566
2464
8018
5916
2571
4046
733
2130
9088
45
781
9943
6287
805
6339
1080
1737
4051
6110
4625
4311
3945
3375
654
9040
5067
3214
9543
9874
6992
4626
5185
6417
7141
6709
9924
685
9820
7484
4151
7521
8270
6969
3026
7500
4961
1083
6854
7390
3014
6563
828
2696
8255
4147
8520
2172
457
5517
1546
9595
2745
1919
5627
5301
7930
7178
7633
6583
6331
3484
1816
5686
1628
3431
1620
5738
1298
2918
4471
1542
616
6091
1429
5637
8909
5487
3650
5235
4375
3961
6353
1469
8896
3133
390
6169
824
610
2588
5221
1025
4811
1284
1664
9254
986
8293
3009
2199
4774
465
5984
9507
6447
2092
8961
4708
4513
442
930
6198
5899
3795
8982
3172
600
6531
3753
958
2311
9369
2139
5589
443
5830
6120
606
8139
2713
5964
2038
2809
4772
229
6137
5492
6355
5159
8345
9014
5840
6945
3128
5604
8306
1211
5923
1892
9020
6659
8716
4458
2737
7297
7495
8522
6351
297
1419
8688
4541
853
4942
6255
1790
3089
193
9989
246
5309
7731
6473
5448
8680
8554
6584
6692
7900
7023
4266
8395
4694
7738
2098
2212
2770
6220
2635
7146
974
2003
3489
416
1891
5417
406
4546
8323
5062
2233
6576
9174
1224
1145
9362
9441
3938
1295
7967
9458
2679
810
29
8771
713
3793
2020
764
4236
1395
7243
4243
506
4101
8116
9769
4899
8814
5211
1756
2556
1220
347
4607
3914
3598
3169
8517
1839
7421
8686
2122
8798
3527
9685
9015
7423
5439
7536
2183
7042
2655
3232
5875
8625
8712
4810
6739
4228
6970
3917
5577
3477
543
6151
5741
2338
2138
5402
3654
5526
2668
7587
2855
5166
9210
3073
5512
3669
1739
5519
4397
7893
5636
7140
8132
5533
829
1959
2029
8362
2541
4777
2780
8851
2958
5003
664
2542
5413
1661
8548
7273
9370
199
1173
2270
1880
6311
8967
8852
8294
149
84
2274
7479
2161
157
8865
4167
2978
4686
5568
7701
1510
819
6366
3365
6335
3254
8645
7413
7224
9379
1199
6526
5182
5297
726
7717
5431
13
4280
5107
7720
4052
2163
8600
8567
1165
5123
6785
7049
6718
5305
2297
4017
3200
7039
2393
3679
6186
5234
493
7200
6741
2341
3444
1191
3258
6993
4982
6859
9835
1023
5266
7290
4638
1721
4477
3054
7570
1927
1781
5893
8217
8597
1560
8250
1401
9396
5953
7767
1820
5366
6515
2467
2380
8935
6130
2291
3561
3949
6212
9191
5165
1452
4719
4827
2731
4340
1886
5089
3157
3540
6057
6312
8966
5728
1313
4853
2145
6294
5674
2776
30
9045
906
374
7112
8214
9714
6173
2612
3210
3773
7073
4194
7692
133
5054
1960
1289
2941
5733
9445
454
1583
1029
6907
9429
2237
1020
7982
2725
4235
2558
728
2036
4751
8037
2678
6303
6156
1370
1877
8872
4672
9056
5749
8762
1860
8235
5393
2598
4329
6759
3633
8240
2220
9563
6056
8739
9219
6964
8621
8212
9944
1637
12
9076
5267
469
3495
4861
2340
7244
1869
6329
4766
7363
7278
9289
8000
1283
537
2006
2118
6111
6956
9348
1752
1767
7045
8408
4028
8612
9688
9030
7381
6749
7771
5992
2497
5484
6746
9795
2165
5640
2844
8113
6844
7138
8941
5570
6320
6410
872
4905
9621
1989
8568
8995
6701
2567
3541
8176
7551
7436
4212
8766
3903
1730
7579
4692
8008
3321
1879
3604
6268
629
8009
595
2658
8331
5371
674
1956
9546
4043
4039
9230
9089
7168
3282
1312
4653
3883
7176
3724
9946
7887
4822
6891
5415
2606
4578
3763
6432
1814
8901
1768
9783
6514
4914
9952
3295
8676
2964
9149
2758
2054
1421
9374
1610
4844
2848
8695
9692
9389
5140
4470
714
3399
1037
9775
489
7298
1712
4881
8526
9585
9752
2857
7882
4869
4657
7496
4990
4353
2759
9252
7691
9803
7077
5332
1982
8530
8538
2094
2548
6499
8622
2142
4501
3323
8244
5660
7840
6206
4570
9787
3942
6398
1990
8574
815
9654
9355
43
9634
7523
1100
5251
2251
9977
7770
1309
3199
2403
7181
4877
6991
6596
9802
8930
1019
9098
5619
5345
6261
5377
7661
8
6880
9839
4398
7365
366
3362
9814
7474
144
4576
6925
8877
8777
7085
8633
2664
5865
6112
6934
6603
569
5639
5787
512
4469
5245
3461
42
7199
6484
7974
2005
5358
6267
1540
7832
7228
3981
1274
6144
4731
9914
7901
5279
5628
4125
9515
8817
1348
5824
8945
4341
2638
5296
2852
9602
8525
634
6421
1396
2449
9386
6838
9315
3578
9339
6957
409
658
7198
2440
8284
4049
3380
2987
6381
9316
8229
2511
7544
7522
1009
9373
9530
3093
3663
1734
7972
208
8985
9005
3863
4444
2722
561
4616
8363
9850
1760
2704
2202
3361
6498
5677
8837
6529
8428
1128
3219
1450
963
2060
6076
4098
6158
8631
6666
852
253
6313
5664
7348
2977
6315
524
8694
6012
3947
9706
9175
5869
1922
4880
5497
2625
9495
2863
9268
717
2306
8170
8609
9789
1741
4219
821
9417
263
793
3451
391
3239
9403
1809
529
244
4161
2968
6878
4618
5340
4361
1087
5981
6330
5515
5202
8581
2723
3478
5947
8020
9900
4003
5368
1338
2059
9929
1143
8262
5621
1151
5671
9062
2597
9189
1001
3528
6350
5356
5112
7460
4303
2768
2547
9705
2296
7258
5675
4226
1056
9601
5153
580
4338
8163
3000
392
1053
4851
8489
273
6936
8741
5461
1457
981
7468
6783
1893
97
1477
3385
3875
3999
2123
333
8693
9347
4357
2647
6832
3690
2401
8316
8936
7300
8031
3618
1423
4833
3305
8607
669
4516
2603
1055
5514
8543
4155
8585
2933
7286
8145
6274
278
9016
3170
6784
7397
5506
1864
5606
9792
5767
8993
6072
2616
1534
5500
3025
7986
1920
5887
9785
8753
3283
9555
6349
2888
3308
6937
8389
7303
2205
8382
287
577
7608
9400
1306
832
9471
8350
3761
4012
8991
5525
3407
3681
8806
3230
4663
1791
9669
4812
3951
9798
5060
583
6731
5810
1777
7150
1715
6539
5323
3360
7545
1950
4652
5859
4094
3304
3411
8742
7821
7888
432
6183
6030
9649
1031
9279
3420
5134
7388
4759
4938
4545
4333
8793
5095
935
621
165
3410
7018
1832
6476
8977
751
1008
1290
1097
4360
4580
3700
9854
4724
6663
2681
8717
2828
7008
2299
7790
4005
8984
2288
8926
1532
6722
4104
8458
3965
7681
5116
7606
5762
1566
5746
628
804
7671
6879
6282
3796
6022
8494
378
2971
632
3857
6099
6119
3253
3303
1687
5014
311
4843
7894
402
6114
8939
1171
7375
3151
3936
9069
9910
4490
1778
7336
8134
339
2937
5445
3532
2972
6305
5382
7766
1394
5891
6906
1803
4944
255
9676
5288
9411
8830
8745
6414
6747
4283
7566
9244
5976
8803
8019
6008
4737
9694
7021
7996
9894
2166
9290
2027
2377
4613
2239
1807
1835
1138
3909
6566
6690
3138
8415
6060
2317
4102
603
7625
9253
4856
7791
2435
3613
4826
8667
4537
7133
8925
2902
5143
272
699
6910
2315
6549
7726
3021
7934
3673
7932
485
4077
4451
6974
9483
1115
6047
3180
4343
1911
3335
7596
5600
4172
1493
5249
2806
9870
8879
9997
4294
2359
350
9702
4301
7276
9343
9815
862
14
3207
7098
385
2409
927
9784
8662
4195
650
4096
6705
1206
3483
9170
5804
7988
8096
7819
9075
2067
3712
4438
1660
5766
9491
2426
528
4754
6613
4095
1735
5361
279
4485
2800
7389
8433
2717
9645
3473
9033
160
1938
6279
9565
9774
8913
6997
7166
7183
1489
4437
9454
6118
6841
1408
3544
4532
7306
3311
620
4339
3662
7833
7531
5008
5936
951
6107
5920
2466
7189
9858
1158
9371
8411
7743
8196
7439
5743
479
7990
8082
8541
2462
5642
7332
3800
4647
6357
9547
5730
4029
7038
987
6581
1390
9292
7314
5605
4404
7598
216
3709
6506
2051
3269
420
3722
7090
962
7059
8653
309
4888
801
9245
9006
2998
5324
5825
8305
6139
7949
484
3069
7968
4592
7235
4628
4156
3074
5215
7180
7061
5300
4791
9658
8414
4760
2762
4355
2278
4130
8657
5973
6661
8317
3610
902
6216
7525
4310
6885
4000
5367
2760
6488
8754
1297
5716
6865
7471
3671
5654
3519
2204
1356
8101
1263
3520
7445
8469
4379
9871
8943
8912
5937
5092
6640
6463
9768
7984
1813
6728
2073
8371
2032
4427
2198
4292
8964
754
9162
4864
837
5213
6944
5302
3095
9740
3952
7004
3521
8053
9422
5670
2914
1913
8173
8085
4553
5478
0
3497
619
1974
8089
6404
6016
6664
324
8781
9328
3910
8524
4586
7964
5845
4258
8251
4596
2254
7960
3747
7826
4368
2458
9159
8446
3442
1012
5725
9905
989
455
9763
3325
1106
2786
8490
8419
2207
1894
3140
9765
9762
6127
6507
2316
916
5939
9999
5350
526
1393
928
9947
1580
3902
346
6390
2812
6075
9570
9926
6941
3756
5150
482
6464
4876
8354
6201
3702
2121
4305
695
4600
6599
3425
5690
9029
2033
7241
241
2065
8342
7417
1071
8700
3458
8388
6742
5879
4468
388
4688
8802
7036
7374
5944
2802
9781
1587
7091
601
7728
6918
2468
8699
7026
5449
2529
1114
5088
5941
8757
5201
7055
7642
195
6140
4808
956
694
4763
7513
5877
4809
789
7364
1453
477
4209
5106
4308
2909
822
9875
2472
2538
4703
1355
4354
2601
681
8916
4231
464
1226
8231
6975
4865
7546
1129
9616
2246
5217
9271
4637
3433
1259
2518
3479
861
4117
8028
368
5556
8833
9876
1032
4416
8453
7152
3678
6582
3213
2056
6029
8505
4936
2539
8441
7732
4483
2057
2820
6124
8204
7277
6867
4693
8021
8164
7129
945
6646
2842
975
640
3378
7572
5241
3908
8948
381
739
3215
3387
6196
7191
8313
1256
856
6221
5679
8655
6793
108
9776
2024
2899
159
1307
779
93
5405
8681
2201
180
9118
4137
1266
7205
4742
9830
3819
3499
265
4486
2418
5744
1170
9004
2639
3721
5801
8862
1268
7954
7488
4059
7494
7400
7595
8857
971
2993
163
3082
3982
8737
1414
7238
2522
5336
9038
3813
7498
2738
1635
9822
9735
9811
5895
6711
6954
6240
5764
2228
3856
995
7308
9475
3552
9101
7904
7557
6940
1865
6546
2934
7969
5468
9782
9336
7604
2252
4785
591
7635
5491
8514
1644
60
2623
9967
5505
6686
4802
7296
1513
3537
7192
8564
9352
6317
1970
579
1822
6155
4584
2046
5436
2115
8197
2310
8866
4845
8137
9346
3826
7509
2021
1200
6246
340
6228
9589
7080
3183
8929
859
8479
1859
8809
2997
4985
4522
6586
7411
6050
9278
2434
905
5653
2726
1673
95
7483
816
9126
8334
8237
5968
1988
6604
4602
2133
4181
1699
3946
2266
3225
5319
6401
3502
6159
9869
5554
2515
7003
8079
8878
720
1581
6024
3648
9319
863
3277
1702
4121
4019
4383
9930
5948
3668
2697
6227
5666
8112
5736
6767
6734
787
802
5534
7548
6343
3359
2652
8748
4463
9606
2889
494
4643
3860
6040
5954
338
9333
4016
401
2633
1271
9022
5104
1146
5283
5689
4564
3889
3515
5359
3466
7204
2602
4159
6163
3698
8921
8356
7694
8605
5785
2218
535
5151
6037
5425
5775
7511
8148
3922
8767
3983
2510
5411
4611
7330
5706
2512
6908
5938
8590
8370
2109
3184
1311
3691
3341
560
743
6374
7814
8315
4889
7320
7908
7510
4241
2336
7636
3404
5228
173
9431
2125
637
7734
4525
9892
4327
8466
3930
8949
7942
516
6009
2680
907
8365
190
7578
5681
3926
2482
8084
7347
3766
4462
1273
4837
5945
9733
953
9736
3820
9280
6364
4667
331
4734
2792
6597
5394
6031
4093
3446
1215
8786
6238
7327
81
7609
242
7710
4038
8696
7619
4324
2979
9487
2013
7282
1233
4402
4521
7705
8154
9794
2422
7316
4489
6847
138
2483
5017
9184
7916
4815
5169
5905
9696
5708
5086
8191
6853
2328
8072
1164
4581
2970
5717
7473
9296
2459
7973
7094
7379
9679
6535
9337
8823
5047
9743
7331
2516
2167
8070
370
7153
2496
1588
1174
7576
9672
2875
3097
8181
8994
3174
1269
9203
719
8884
5839
9834
126
119
430
652
6959
76
5803
3193
3674
4927
1742
2646
5684
6113
7264
5806
3777
7815
3757
892
6930
7620
7754
3300
2247
3129
3869
2965
6573
3373
1701
421
6474
4410
1103
2427
3391
3096
341
4655
4589
304
6174
5536
9418
9329
9778
9923
8565
1179
6732
5037
2951
3916
2849
2685
146
5157
6436
1310
8800
5456
9291
3873
2959
4799
1487
7208
1458
1866
1805
6926
1863
2402
8576
9624
2674
6697
966
3462
9872
7010
2476
2047
3849
920
7034
63
1656
5130
2851
7000
176
2943
7688
9552
8953
7665
429
2521
9861
2912
4603
8001
4716
8701
6679
4587
8976
3135
4839
6477
3353
7789
4317
7052
7292
7539
8279
5246
7593
6399
1902
9018
1870
5370
1601
1725
8670
4450
8495
6905
3403
4700
2131
7580
5317
6673
9678
6890
9135
3518
9726
9868
5339
4042
2250
4359
7811
2382
8559
6644
9889
4408
3781
1647
5545
8091
3046
5163
2967
9410
9693
1551
1261
6922
4571
3940
2050
8642
4505
1028
6346
3727
6725
2450
7755
8010
5278
8690
4801
9041
2339
749
4415
5852
307
2473
192
4736
5795
5226
514
2771
2675
7860
9092
8213
1590
1793
1649
4304
6989
128
6334
458
8992
5663
2866
2155
521
3619
8043
7322
4664
9877
9571
3029
1187
9165
6669
3251
5222
7628
118
6977
3719
9124
1253
5343
8302
1833
8808
1178
3298
33
5453
1133
4377
6021
1090
6018
124
5761
1435
6769
8224
3196
9684
769
5970
4259
7197
4978
1213
3432
8788
7555
5753
1899
4648
3206
2044
17
3460
7946
1707
4705
7741
49
8594
6503
7515
2715
8253
3347
9888
9498
9109
638
369
6510
3943
277
5878
6135
1194
9340
1016
4165
8821
3576
6403
490
5455
5075
4218
9063
9984
8515
7577
6933
4641
8804
3855
496
6275
647
2546
6342
2576
5940
4431
8086
2504
4715
9381
6955
1557
3201
2037
8088
8203
9357
2277
8942
4569
8257
8516
8914
4591
8155
5066
1343
8459
3063
8106
9948
7781
3503
7430
7843
260
5294
1358
1092
3894
7399
3970
3774
8036
8359
6665
5021
7870
5328
2455
2795
463
4946
7573
3160
8947
6743
359
1167
9882
9632
158
8423
98
6383
6524
4346
7541
5896
8142
2432
4083
6744
1136
3465
3667
5022
991
2969
7873
9258
480
758
3935
5273
3627
8951
6656
498
7981
3523
6361
9474
1074
8861
292
3651
3682
6815
3344
205
2203
6269
7216
820
8651
3969
4949
9367
7056
4573
7924
4639
6946
5481
3355
1066
8003
1815
8076
4473
7512
4960
1748
9293
3110
9885
2191
772
7872
1710
353
5263
8118
9773
9945
1942
6042
1142
314
2994
2442
5459
7148
5597
4666
5672
3572
7829
3736
8486
8981
9141
7212
8448
1299
7454
4523
6570
1977
2900
9912
9477
1903
1904
500
3975
1515
5064
4873
1065
325
608
9050
6648
3005
5098
7725
6876
7898
3713
6790
5414
6172
1069
7109
5467
3105
4930
7127
3771
4460
181
631
8171
646
508
5011
8499
584
1149
7333
8751
9197
9831
145
1655
6475
6786
5996
1834
5632
969
7745
7859
9335
3287
6493
4006
4627
7971
3624
6822
2578
2353
9898
6472
6653
5495
9718
6340
9667
5904
9972
261
2248
8880
7169
9301
1716
4979
3536
7568
1221
4623
2877
6188
2334
2302
9586
6394
672
1755
1591
6707
706
1475
698
8623
6796
2604
6178
9178
8375
7013
9612
9747
2922
3509
3589
9068
9228
7428
3915
1836
786
8845
3806
4144
4660
5897
5034
6252
6828
4636
8261
6927
9644
9187
1387
4208
1034
4492
3062
6307
3821
4401
3048
2017
585
3067
9556
5355
4456
8922
5466
5768
1732
1413
6338
1828
9214
732
6694
8277
4400
1787
9938
8338
2905
618
5200
7676
2243
1847
5571
1690
7433
1160
5248
9496
6726
4497
4720
7756
5050
9440
2925
4886
132
3457
2590
7772
1957
8436
1209
4872
1242
1036
4615
994
3510
3792
9142
7847
295
2784
9332
2148
5713
5634
6757
5520
3812
5933
3083
5424
1470
8825
9145
2570
1190
2451
6775
8467
2188
6379
854
633
1871
1415
3677
4645
2838
4459
5972
1884
1252
2259
8344
9770
1175
7957
9130
1383
1385
4752
3535
4744
2087
4085
4529
8509
3217
3440
4113
2002
734
8006
1363
6145
3606
3342
5929
5230
8413
2904
2289
4024
4394
1275
6318
2389
5760
7476
8792
3923
5673
7883
9172
7487
7716
9071
8476
1351
9250
4004
7947
8838
5416
7028
94
6337
9147
4635
9151
2264
5313
4175
4421
1064
3852
3166
1147
7344
5881
6951
8427
9920
4832
5258
1373
2034
3018
8015
6152
1243
8718
2587
3844
2294
636
4187
5756
6973
2484
4710
8527
8744
5470
8039
9641
8579
510
7643
3843
35
6770
1804
5205
5138
9551
3233
2412
8400
233
6516
7257
9083
8064
7309
3996
8374
6073
2111
2007
9094
3841
7526
8403
342
122
6297
5174
7753
137
2494
5320
6180
7758
332
2614
1227
2917
6168
8659
7659
2593
2526
2907
8435
9591
5352
9664
7718
9168
8141
5750
7707
2119
4890
8496
6327
2859
1700
7667
3584
6424
5629
4366
88
3374
68
9449
3888
5683
6270
5019
56
507
3937
3068
9425
135
2194
2079
9761
3309
3620
881
6356
7033
8689
1249
4747
4222
5412
1480
9442
5043
2438
3802
827
5521
1901
8128
3024
3449
9670
2506
1230
9704
7432
7714
7391
9638
2938
4940
1529
4118
8367
3038
2257
6764
7915
8047
6943
5692
3847
5931
6001
7188
6982
3194
3960
4740
3708
9980
5100
803
2068
166
8425
2180
9975
4900
5553
5452
3559
5310
6695
2181
3728
400
9395
9727
4403
9127
4624
1753
3684
4449
9419
2782
4365
901
2847
4506
4669
7291
6141
3116
7019
5508
8956
5884
4566
8708
3732
4457
8396
203
9051
8131
2915
4331
2636
2170
6592
2716
11
2456
4804
9169
5357
5997
8369
3260
4730
9500
7502
1906
6063
1207
6453
6598
797
4480
4850
9024
6187
9577
37
34
6698
3259
3185
9981
5772
5788
8200
6074
9532
9085
622
7797
4503
5962
1281
6102
6966
5442
5341
9027
8533
6858
990
7431
1449
8061
5016
2983
3154
1599
7351
8123
8641
7787
4054
4634
7978
2493
4976
1505
9520
3621
4504
2551
1410
6071
5740
9554
8501
5121
9047
5587
1556
2416
1033
7702
4245
5376
1562
8573
2650
5608
4472
6446
4169
4632
5287
5432
8841
8236
4178
3394
7951
5068
3801
7880
6243
5465
4690
2530
6873
6264
4381
6310
3643
6610
7747
4242
8791
9091
8770
8661
6209
4446
6392
7254
4533
4895
1021
7647
6730
5643
6807
28
6630
8319
5024
6200
248
1015
1482
8882
5758
308
9523
8121
2537
4322
2134
9562
2871
3485
3647
3780
9970
4612
2648
9066
91
9229
2390
2500
4406
3090
4527
1605
4133
3415
9891
1265
1951
2735
3072
873
1183
8679
7881
6998
2644
5950
8911
2856
1594
645
740
8867
3143
8683
281
2562
7852
5001
6454
5851
836
3081
1239
1830
5117
7086
2150
5551
1517
536
6160
7527
7561
1680
7917
1388
546
7538
4762
1652
2303
8920
8075
6534
8468
5863
4539
798
5524
8457
9081
7944
5040
8125
8654
3296
2749
7407
2560
6557
5615
2821
1531
6688
5133
6451
686
5548
1923
6010
8211
6750
972
7084
1728
5122
4897
1976
3635
351
9728
8266
8007
2022
444
6460
1094
1122
5611
376
2366
6862
7493
4153
1508
1757
6219
5567
4428
5233
6478
6558
3676
8078
1476
7260
1577
4223
4631
9342
6205
7940
2072
7101
9108
1218
4185
5956
3423
7107
8140
8205
8222
7622
1507
2495
1247
5932
8057
3292
4099
8012
438
5306
8844
9304
6870
1766
756
7997
5531
3636
5699
844
2070
1596
4168
1878
3549
1935
7448
2378
5799
5139
4413
3270
75
7507
3808
2479
4111
7504
3405
8555
3828
6965
7564
3441
3703
1746
8890
1135
5833
1349
5697
782
2031
1867
7689
817
414
5861
7703
1671
3163
9742
4035
1148
4011
6044
6762
4746
4288
3811
1054
2813
2936
7220
4251
6824
1917
4122
3019
3516
7961
426
5885
186
6869
2333
2663
6026
4300
5400
5045
9982
4974
9845
3749
7489
6232
6643
4464
2825
3472
8308
9270
1260
9287
774
3717
8052
4336
6851
7014
7919
2817
7265
4579
7031
4911
4929
5494
5476
2477
3467
9766
9574
9414
3822
250
4494
7066
747
7937
7117
8962
7368
2870
2209
8971
9125
4164
8434
9023
2583
8051
2701
7378
8095
2677
6487
8544
9143
2043
7586
5999
1930
878
6324
9281
6521
8107
3872
7899
7869
3501
7035
5344
156
328
3832
3271
2080
9330
6154
61
3913
8722
4071
9242
7686
467
7075
3115
3481
8592
5558
4298
162
6574
8402
7849
8484
3131
6083
676
7293
4061
3716
9673
3237
2240
1501
8055
6165
6559
9338
9757
5170
7711
5128
4146
894
8973
7831
2234
5777
7922
1993
1397
1334
7911
9324
3865
5430
2767
8534
8023
6443
4348
9323
8069
933
9648
7584
5212
6051
4249
5702
1144
4032
3289
9456
8398
8883
8776
4544
3770
1675
2995
6496
2976
3645
4923
9899
6967
5206
7162
3316
2229
6502
6445
3694
7575
5565
5496
4173
7777
4037
136
8384
4670
2687
5578
3640
4273
2320
6874
1538
1926
1091
1048
8220
1799
8790
4232
2881
1292
5822
4237
3122
3312
1785
3730
6813
7209
4563
4332
423
3786
345
5955
6875
6080
1853
4910
2000
9360
3310
3726
4412
2324
4414
8532
4034
8578
3383
5036
7163
1125
1516
3130
5080
7131
185
6569
1325
1152
3445
929
6752
9928
4507
3758
5342
3657
8322
7875
9867
7853
7863
8318
9349
6616
8328
3616
7342
9843
22
9603
9217
5854
9494
1499
4
303
3963
6777
3895
4160
3746
573
7247
1380
2747
5789
7952
5216
8816
3390
5084
6304
2837
4430
8190
5326
2659
6715
5633
5186
8571
8048
996
3228
949
7369
6134
8291
1317
6675
8764
1651
6928
2179
3829
762
3381
4870
2706
1040
8475
1654
3153
9413
459
8783
566
5026
9448
7897
6981
9739
4695
5149
9121
5820
1051
7722
7317
403
1758
5856
5518
1688
271
3318
2835
478
5147
3816
2001
6370
6911
9534
2351
7281
6106
3531
9508
8614
900
5158
1947
9650
3797
5006
1073
4975
6108
6066
5429
8472
5190
5069
3554
6530
62
8406
855
9397
52
8347
2501
5451
9608
795
3707
1301
2489
4983
6979
3246
5550
6369
6825
1440
6952
4297
5949
8094
3388
2513
8626
8873
2949
1584
8325
9628
1057
7203
4903
382
6852
4965
3976
6681
1912
349
3075
942
1137
9812
7416
6214
4257
502
3050
8285
5322
6181
8087
2761
2693
3049
9182
3858
3182
8674
3660
8073
4405
3379
5886
913
7250
5498
1626
9177
2086
2269
4535
7234
9901
3710
3941
2110
4764
9188
2703
3706
9731
3526
9078
5410
6668
4215
5644
752
921
3764
5237
2756
7361
1788
8289
4033
8932
6738
9557
9351
2615
9635
9518
9932
1958
8161
9196
9863
9426
6868
9639
4056
7424
9622
440
6093
4385
9653
5613
941
8892
4129
6422
9864
1868
6756
1251
5618
3644
7693
7921
9421
3244
1093
2850
7126
3125
9299
7913
9021
170
1848
4369
1706
9748
7106
211
5691
2946
5544
5769
5171
792
6025
3007
4116
1639
153
5316
8136
5354
5816
9455
7650
9003
7559
3146
1445
976
1685
882
4912
6595
1367
1795
2344
7534
7615
72
4269
737
6856
6577
8707
6520
9067
4188
7380
2128
5420
7422
5191
8528
5375
7440
6816
9730
8969
1996
1177
3434
6649
4315
5384
9433
4140
4510
3731
3132
1509
6195
1157
2553
8978
1669
2554
9238
4020
6
213
4202
3414
8129
653
9758
7155
4739
6081
7518
96
437
6609
112
7752
4432
3896
3167
5254
4078
8183
6413
8182
5723
9906
741
9437
7768
1968
939
431
835
7886
1858
9675
5737
6052
2330
1984
9415
7451
4614
5486
8785
4256
2190
5580
3349
8835
1527
4898
3964
5774
6953
8060
5276
6548
4735
1340
3190
4518
5687
1279
3851
8850
9707
3141
6700
3084
5616
2954
6889
2618
572
7353
6624
1437
5668
6537
7393
6801
690
8675
7943
5501
5638
8611
5097
742
938
8915
9382
8996
8784
4313
1357
7547
4745
1543
151
5409
3231
8782
1430
7443
5842
4943
8746
7087
4951
9009
2242
8443
9467
6561
6302
100
3715
6161
2492
2178
8650
6150
5192
3759
973
1946
8444
8510
8397
1412
66
885
1775
1070
5864
7122
9545
9681
5513
8855
8424
9464
2498
9855
7841
6606
7668
3158
6513
5197
2309
2424
4550
1598
7582
230
1941
1195
2896
9212
9037
9583
5888
1204
9821
9873
3623
833
6062
4831
6578
4901
6712
9200
7936
5773
9412
4149
5349
1465
5641
1026
3784
2682
7780
5087
2265
3314
1060
944
700
6761
3243
7171
9007
3628
4030
6121
9321
5422
7761
6459
9623
6104
8373
4373
9263
1585
2192
8470
527
6525
6043
7444
4909
3558
7405
2354
1447
4250
7441
7412
462
875
7903
6696
5866
4062
7248
5926
3450
6439
4008
59
5802
5502
840
5682
4689
8840
864
965
3868
107
5304
3235
3111
1386
9963
2981
9548
4289
9531
3178
812
3652
286
4588
5724
5154
164
39
9080
825
7469
8743
8634
232
3979
6171
5873
9533
1595
3993
5700
7519
9447
3912
6483
3263
5963
6886
6192
2853
4418
5656
450
7991
9114
8874
7783
783
8227
6131
2189
7186
5591
9309
172
8599
5488
6053
4063
6482
7597
4239
3494
5353
830
7742
5115
5482
6291
4924
7103
4906
4556
643
8283
223
3754
300
9918
9273
4717
8150
1800
2168
6236
7201
5048
4295
58
4264
2447
7170
6393
5004
1214
7684
18
6362
1782
2609
8194
2219
2778
4894
2214
5260
8923
2508
6006
2607
3127
6931
1270
6678
7240
9521
869
8768
3683
7435
3514
102
293
8563
7029
4963
2819
8004
6162
9842
1541
9226
2116
7157
9804
6215
8238
4328
8014
1593
866
2077
8732
2569
1914
1035
1602
6462
8794
1738
693
3767
5958
6265
2308
1341
4511
1978
6425
3234
959
219
8733
9312
3430
1320
8042
7514
3164
8652
7905
1398
2613
7715
6708
2149
2273
9019
4488
2873
3328
688
2335
2331
4244
845
7817
3850
1852
3987
7750
7356
1196
285
8615
1286
7844
5030
6480
2660
3891
9026
1058
2016
9661
3718
8288
8789
7289
8588
3070
7796
4224
501
7156
3022
7354
3835
6179
8827
8180
4642
9708
6084
6990
3737
9107
943
2843
5203
1966
757
8506
3066
3986
6034
574
763
9826
7798
4562
1481
3563
8169
5127
5726
8950
3027
6758
1589
4378
8201
9817
147
5029
1182
3597
5161
5855
275
3555
8589
2536
8512
7719
6061
7868
256
4048
8815
6983
2830
6011
198
7239
4757
4192
3035
4915
3065
5731
8254
9504
6594
389
8847
1244
9086
9841
9717
7395
9048
3927
3919
427
5485
383
5903
7992
6000
4834
4644
2944
9772
8058
9750
2469
1634
8714
3948
7120
7480
6289
269
2796
1597
960
8780
3107
8324
7142
71
8401
6716
7612
9061
2575
6299
8710
3789
9633
3372
1219
4835
3590
3592
2071
499
121
2260
7890
687
4526
6235
5462
20
5655
7801
4009
3998
1478
1436
709
549
4528
7737
8990
5055
7438
8063
6541
5369
575
6295
639
1328
7007
9881
6286
1479
55
8756
870
9659
9046
2566
5727
655
5928
3139
3556
9593
999
3833
9295
1180
9300
8668
4991
3562
4345
5281
4119
5562
3853
6456
6248
6450
5108
9615
1646
1819
4790
187
2052
2364
1823
4409
7452
6567
4084
8460
559
705
4180
2400
6175
531
2861
7802
9953
670
7418
8919
3280
2062
4517
940
6023
1985
3101
7064
3469
3879
481
2215
3866
7912
393
4350
3984
3827
2293
4372
3094
932
6994
6719
6017
5841
6593
9581
1614
5771
4722
365
7358
6079
9060
3921
799
558
7588
412
6736
5721
5225
9844
3750
5759
3496
4959
50
4797
814
5331
4021
8391
9592
1727
8032
6423
5901
7279
6148
576
3177
3884
101
2649
504
2698
8596
6433
3957
9468
7130
3331
196
3051
8860
2910
886
7698
9701
702
3265
7357
9626
8158
3743
5711
1303
7406
6978
9451
418
8219
8093
5274
268
3272
4687
7237
7623
1085
8124
7040
4824
3688
447
7634
5658
9232
3088
5479
7384
511
9933
3389
3738
7071
1368
3701
6754
592
1350
7245
9077
8246
9409
6281
6949
8818
7879
711
1264
4426
4482
3275
9424
4010
7645
9732
7284
7896
544
2395
5193
9436
7995
8859
846
8274
8624
5902
9604
6863
2874
2383
19
3039
9642
2804
9620
7748
7323
5493
5598
7285
2565
4445
2801
6803
5381
6811
4883
8765
1555
9940
4964
3459
7160
662
8899
2035
9925
5739
4987
9072
7649
7145
4986
9800
707
7673
473
9344
371
1238
5943
3581
3748
7069
9987
296
9656
8426
6036
3834
7906
4874
7517
1467
9691
6319
8864
7735
7047
8940
9131
4073
8728
3580
4997
4395
9560
2990
5602
3126
1806
7299
671
2545
964
9745
6095
1223
3422
7654
7592
5870
7994
9796
3612
2276
8473
8314
4045
4138
1359
8394
2882
7005
9384
9510
7629
7540
5280
8340
3043
7253
54
471
8725
9683
9840
4665
4136
6306
6101
483
4849
1446
5031
6239
5052
7589
65
9502
9308
563
1184
2872
9104
8586
2580
9097
7806
7856
3042
2898
1362
7749
5155
46
7447
4840
3162
104
2826
807
7799
222
6429
8886
3839
8243
9535
3823
2740
7294
3104
6579
6358
7653
1127
1323
3147
109
4980
9220
627
3076
5218
5907
3565
5435
4941
550
3953
513
8221
8482
5404
8704
7855
7865
3366
5800
1924
9716
667
715
3204
5398
8907
4040
7404
2015
4060
6332
8421
5847
755
6470
6938
9103
1961
3512
7583
6671
3453
7816
1088
897
7533
876
3799
6224
8736
3649
7506
1550
3742
7627
9377
4453
6418
7696
5661
2388
4741
7410
2769
4001
6909
7759
9405
5542
9465
7373
7571
3294
926
1369
1552
3418
6126
684
301
683
9729
4605
2879
9
174
5647
8030
2846
9568
5782
2490
8812
2854
9720
4548
8566
3918
2211
9208
8727
4947
5755
3810
6372
5063
9453
9211
1081
8584
9105
9806
3080
3108
4676
9833
6963
2406
1769
850
851
5624
5231
1237
6986
334
4794
668
4213
1155
9469
6136
596
7382
7104
5406
8225
4829
1172
6096
2920
5292
2955
2295
2684
3658
1861
8353
8639
6642
791
8619
3288
9712
9607
9257
3468
2114
7311
3220
3426
7562
247
9318
5835
9786
6347
3320
5214
1677
9559
7089
5703
1666
5754
1908
5504
9722
9657
9450
4170
4656
594
8853
4216
6504
9275
4260
1217
3966
5207
6871
1150
4278
9284
2399
9482
7490
3250
5813
1713
6976
7139
903
5685
1855
2232
1821
7956
5469
7699
4174
8387
6143
1659
6077
5397
2929
2423
7360
9829
7083
9366
5977
7472
7481
4374
4031
2816
6115
7478
4481
9234
9148
7275
2839
8054
2075
6676
7305
5347
8760
114
9406
3967
6065
5076
3416
5651
3830
7721
6231
5489
5269
2952
2280
1119
2654
5373
9856
8606
868
9138
5590
9479
1678
5295
4382
8702
3704
3602
4577
4255
2662
2667
3100
4191
660
1648
1719
7966
5742
8934
9699
9652
1939
9956
3971
1347
9777
4962
4299
9401
2283
6551
4026
8067
5020
539
4524
679
8206
3491
8531
9394
4868
9286
2429
5603
8761
288
5070
4958
8210
6817
6448
8383
1002
4723
8587
8442
712
9235
8167
7341
3934
8309
5199
3932
1076
4771
7848
9156
3392
8938
9580
6602
5969
3605
1991
2945
2632
4254
9973
3564
9013
3570
1665
1682
3301
3085
5826
5181
6078
9325
428
8339
9233
2610
2
2709
2789
8747
171
8905
9630
9199
865
2572
3205
517
6164
9810
5853
4519
1856
1117
1963
9192
7214
2574
3003
7102
201
5187
5083
4559
8887
8186
551
294
9609
9052
4896
5849
3492
6821
4330
2815
2471
6457
1548
2078
6371
788
2884
7788
612
3285
7318
117
2103
7376
9553
2446
9042
4871
9788
1361
1621
3249
3346
5883
2940
23
5035
1272
1802
4234
6035
5490
4265
1007
3641
8492
9919
8842
661
4380
7136
8364
2244
611
264
4935
9596
9916
2785
5652
2928
6485
8157
8298
6587
2329
3778
2089
2408
9753
806
1618
4806
8498
5315
3782
6768
2657
5868
5096
6935
1406
4674
9801
8249
1044
4134
1779
212
1718
2549
3306
5665
3266
2528
7962
6442
6002
6682
9034
2318
290
7729
6202
6778
3744
541
7666
6795
6190
320
8232
1360
3059
5626
1642
2732
3723
2083
7301
7591
4970
358
2465
3212
31
2906
1099
883
6662
404
373
497
1109
9857
1547
5657
449
7321
7614
6702
5911
8108
9350
2911
9827
7765
7670
2519
888
9408
9797
6919
7706
6271
5180
1553
2313
3409
7232
2559
6806
7492
1831
5334
1630
5175
6419
6069
7497
5337
206
4992
7910
1900
3566
5311
3293
2894
9823
8521
2436
5979
9461
3408
3689
4950
7751
9540
3202
3247
2591
8988
305
5005
3954
9119
7793
9001
5798
5547
3892
7558
6877
8027
7206
6285
889
120
1887
8090
7343
6055
5537
1573
1915
2151
3567
3507
9828
3447
2544
1107
8312
3488
9008
9272
9896
9536
7340
4417
2301
6547
1561
3603
2499
9195
5927
9472
6980
9139
6146
1302
2897
7259
3041
8968
8649
7446
2840
7187
5986
6481
1526
8997
509
6266
2705
6720
7928
1881
422
8438
7889
3037
6833
8870
2892
7929
3928
8259
3216
411
9719
9387
3560
4053
5363
8080
8824
1761
7630
1641
9541
6019
8529
4325
8146
425
4879
2058
2055
6225
5136
3859
997
3978
6359
2452
3045
7637
3739
6625
8560
2491
775
8849
7229
169
4157
5403
183
1442
3933
6848
5145
5146
3103
2507
6518
7462
5389
3542
5321
5464
336
4443
745
3846
5892
1783
1494
4142
7280
1305
887
4356
3803
5473
5042
2661
4908
657
5846
9866
9614
6218
718
9994
9207
7858
7053
8958
8066
9058
9434
6895
2923
1582
6607
1337
9966
1126
6400
2174
8474
3661
3871
858
5148
9805
950
7740
6781
1448
4767
3788
3783
5983
1405
879
3583
7746
167
1293
4939
5564
7459
8177
1229
6277
6892
3686
4574
5814
2091
2670
1751
7854
9597
4585
2258
7062
2702
4713
4349
3653
5819
545
5259
7948
7838
908
2487
5091
3144
5018
794
5051
3218
8228
5701
9302
456
434
2253
2788
5780
1444
3221
2718
7346
7350
7851
1698
2319
2431
6213
7837
7708
9528
2428
2245
3878
8447
5395
4926
5194
6440
6721
6262
9393
3186
8885
3326
8439
5162
8779
1425
5125
4953
5033
3357
407
7096
1765
9117
3267
7221
9941
7823
1185
7830
1024
8133
6950
4475
8416
8677
3631
4727
598
5114
581
3685
5255
813
3798
6207
282
5990
796
7093
8570
6406
4166
9311
5032
4651
1063
7463
1418
2061
1276
4105
2552
5390
4491
9122
3078
9198
1627
3529
1497
4557
2924
6426
5119
3840
5860
5709
6812
2158
4499
2096
9695
1840
7486
6861
607
8601
3504
2069
4685
9490
2417
1862
1381
3577
16
5572
4399
3368
4358
4770
6494
1952
9711
3455
8918
9274
4640
4882
7207
1907
1197
6182
8405
4109
387
6947
3036
9544
8175
2268
984
1603
6985
2883
9439
1372
4267
9294
8013
461
8542
9760
6256
386
2356
9665
5792
9106
4387
4704
2793
7211
4984
8987
2845
6086
6916
3071
5303
899
3001
2520
723
4069
446
4089
7646
7640
6292
8151
3471
1432
9341
7442
6636
3639
2600
6290
4817
8310
8955
9354
3396
8671
2814
7345
8778
6028
1704
3438
6685
6250
2193
8834
5910
9224
1797
8223
1084
6467
1096
8602
2736
5474
3091
7697
1291
9222
9599
1964
3291
6293
5848
1810
8386
2727
1156
7782
9237
6962
1774
3911
3809
3322
5913
5188
954
6680
2860
1466
1473
2019
2256
9690
7695
9860
1796
7958
8540
7813
9895
5081
451
823
5821
4542
2411
8149
2298
3818
9090
4696
4830
197
3500
9375
7329
1854
313
4082
7475
4658
515
9865
9992
9791
1948
6560
8100
2787
6555
3517
7149
9637
9243
8572
1533
1500
771
2596
4065
8202
3086
2869
6896
4598
2421
7067
5719
6090
8483
1113
1245
6177
9444
1420
5809
9755
1696
5988
7105
4789
5623
8463
298
1523
1623
7774
8450
7644
8056
4662
2159
1344
7795
1318
3236
8016
8360
1104
4887
8660
3299
6804
5576
9492
5540
1118
4814
1535
5142
3980
6092
9903
7980
4351
4847
7017
9611
5745
5079
6727
2104
8404
8537
2444
80
3845
1987
9499
3547
3991
7172
9306
7704
597
4064
4683
8143
4621
7266
5894
898
7128
8902
2374
9689
8811
3351
765
115
2164
1287
8303
8720
7352
5951
3013
8970
5715
8908
6899
3112
2880
6103
7123
2564
9859
5808
1116
3776
8723
3693
8437
4998
9951
1389
5391
113
2081
9322
1046
6046
8330
5516
2162
204
3209
9651
6117
7372
2200
7655
2985
6882
4994
5291
274
4132
3697
4955
8656
8114
666
2093
3870
4595
5961
6416
5002
4452
175
4190
8234
5289
3881
8562
6217
6637
727
3634
4918
9236
2573
5796
5015
1443
4205
2757
5385
5815
3226
7081
6572
4633
6263
110
9364
188
8735
4659
280
2752
6808
6999
1208
8546
761
7679
6901
5208
8577
8355
6628
5776
6645
1379
925
9493
1563
1558
5238
6336
5023
5007
6902
5379
5074
3482
6972
5262
3099
6005
7672
9764
207
7979
9671
565
871
3016
491
4509
7955
6082
8629
1889
4966
2608
6818
4141
2160
408
5575
8553
7455
4732
7001
2629
5563
1511
8456
1331
2398
1262
6301
8740
1643
4549
1949
9084
4565
8583
1089
6387
2535
5044
2935
3817
4977
5177
3192
1438
910
6258
4885
1077
5747
5346
6788
9356
9590
8487
6837
1316
4904
283
8083
1282
3814
570
4087
3815
2754
2095
2617
8550
4567
7335
2415
6054
2018
2217
3061
4107
9847
9931
6527
4558
2474
2370
2153
7660
7111
445
4152
9039
4307
5082
9991
1681
6629
6710
3208
3120
5499
9647
1232
1995
2916
896
8327
5858
4314
9600
9248
9288
3417
1849
2343
2926
8685
1874
6995
7414
6244
2173
25
5059
7563
5649
9979
6794
7016
6278
9519
7074
5650
1986
9655
5176
8271
2365
6004
7467
2527
8799
8891
7302
6391
1711
6670
9978
4691
4933
5985
9392
40
5085
849
9002
5630
1004
582
1013
8876
8392
5710
6284
1888
7600
7626
6753
3031
4287
2631
4013
4238
9153
1726
2012
8810
8189
8193
2823
26
2811
6434
3546
41
2448
2921
5457
8410
8954
3448
3256
1798
6846
2829
8598
5735
6405
7976
4758
5596
4706
1285
1330
4841
2305
7809
5529
5765
8187
3762
7202
7429
3725
5778
9314
9605
9209
9079
7108
8297
7800
2557
9631
1095
9564
7099
6554
1176
7307
2901
6773
6185
9964
1506
5272
1519
2630
9247
8174
2653
7920
6912
6389
3268
7503
1762
2372
9459
6348
5836
8666
397
9363
4391
5401
2407
245
3203
5111
3188
7217
1921
8772
5423
4496
2085
7491
9035
5541
1464
8301
5421
4285
3370
3044
8216
3302
3317
7408
8826
1086
7723
2913
6655
9724
519
8738
5834
7068
6672
4476
2460
6917
4128
9793
360
9297
9032
2836
6408
4842
809
8126
123
6960
9185
1691
3356
891
7812
2891
3486
8099
4277
6740
424
1471
6611
6087
1332
380
6888
8535
6971
200
3333
1940
2833
6097
9725
7675
1837
8049
1428
1059
4783
2195
8002
7657
9700
3675
1745
1570
1439
8418
2405
3498
2595
692
2651
9025
4337
3711
8281
5160
9958
7963
9432
8807
3890
2798
1967
4220
4560
5832
5837
2064
7784
1483
6283
9446
9686
9113
3611
9190
5812
395
2669
4072
1812
1159
9846
8218
8299
4047
4079
8497
8065
2750
2090
266
744
3775
249
1521
9283
2540
5584
3222
6657
557
8897
7095
3023
768
4989
3977
8153
3656
3539
7617
5695
5818
2101
552
6519
5318
9155
1108
7051
3880
6601
2347
9771
5073
9799
53
1062
377
6032
8034
348
1975
1210
7543
773
1378
2584
9542
2463
1686
7785
6897
1827
3588
7334
4123
624
4097
3595
2887
9303
9629
1433
6568
3807
4928
5057
7288
1841
1130
3055
3525
8665
3262
2386
4796
7709
1422
1565
4769
2097
3319
785
6693
9934
4320
7119
4678
848
9194
4907
7194
6153
5351
3785
9549
7581
1027
6147
3413
1454
818
7616
8669
4276
7420
139
3456
7585
2323
1617
8493
8903
7565
2605
2878
4819
5991
731
3904
1994
7664
1545
9744
3245
2676
3313
9561
3765
1163
2381
9853
317
9443
5173
1321
9588
2666
2066
6789
4204
7825
9115
7552
7394
7786
919
4352
8933
2957
884
2282
8081
486
4261
1571
7926
9313
4956
6328
9809
1377
5555
8208
5871
9573
1105
3626
3672
9746
9044
8750
8127
7272
4594
4286
7669
152
4487
8829
7950
7941
6814
2824
150
6713
4555
9133
9183
1850
6438
770
9158
2226
1619
9331
6717
6492
2996
4714
5178
9522
6254
6500
3337
8144
8451
1050
5256
2053
5752
7818
9807
8162
8273
3149
6407
1250
8965
9737
2766
3079
1364
9959
1201
7959
2392
9011
9961
116
5399
1689
3988
1662
1743
4701
5220
3367
5707
4070
877
6772
2222
7269
3242
2999
1212
1895
8910
3735
1014
4442
9525
7196
1885
2028
4465
2263
6109
1112
1962
3191
4668
6508
2285
1615
9909
2689
2628
284
9480
4892
7927
9619
2135
9497
1399
6590
1198
7457
6591
4787
5569
6444
4440
7499
4268
2690
8637
9506
8445
5293
6048
7602
3175
5957
2040
6533
5277
9320
3524
21
3630
9146
2321
5827
9594
6780
3670
7925
5152
6805
6872
3474
3607
8648
4649
6987
452
3548
3637
5880
4240
2799
8311
6523
2045
2326
8130
3376
2774
5268
3874
6714
8304
3437
9267
8431
4968
1280
2988
2810
224
3421
2325
6631
7125
9057
7792
79
7923
9741
5811
6132
3768
7219
6984
2721
1427
4114
7550
5829
3533
5581
6333
4554
8333
9102
6797
3882
5748
3406
7760
2563
2008
8927
5648
7516
1416
540
4858
9501
2391
5594
5919
1222
7267
7024
453
9225
7175
9886
3017
2106
5348
9734
7658
7325
7895
8230
4272
8632
7542
7993
5561
3424
2011
5284
1640
4697
1131
8713
6309
1234
5784
1722
847
4875
1736
36
8797
5844
5383
6839
1154
5120
2082
5614
4893
8692
435
27
8461
1294
4622
7712
2039
4855
6089
9265
4820
8260
8041
2532
1400
8500
2286
5189
9256
1898
9277
2414
2645
8628
4229
4514
2249
6197
3534
5510
9359
947
4860
3638
3790
3569
3152
7057
9317
7060
1403
2235
9180
9922
9526
8552
9358
4707
3052
8046
6647
3393
701
8352
6779
8875
4007
2831
3113
4411
4971
2486
8706
1980
5227
3513
4176
6222
9120
5065
6724
5857
5959
3281
8620
9537
8822
7161
9640
1102
4609
9152
4673
4127
2470
2903
9201
6760
1979
6409
6288
8390
1455
2533
957
1740
2579
1544
8068
2622
3861
1162
5012
8898
5298
2692
2942
5437
5056
1365
3148
5906
4282
4124
8343
8715
4230
7677
8831
6167
3837
2197
5247
1973
4022
532
7359
7876
8471
7648
1042
948
3615
1575
4536
2986
8843
9514
5077
9579
9205
2592
2147
8286
289
1039
140
5530
2108
9231
2744
915
7177
1181
7909
5960
6776
5229
5659
217
3794
9578
3155
8103
3109
3646
4948
7453
7249
4619
6412
9484
7530
3397
8378
3145
4934
291
2137
5925
4025
4263
4597
8673
3622
220
9893
7048
5335
6849
210
4682
8868
2169
8393
5523
1764
8275
5998
3680
9259
7482
2992
6860
8272
7236
1392
5039
2360
5196
8769
1525
3402
503
6465
4108
6455
9070
562
6003
9481
8519
3956
2890
8646
1674
1622
6605
2765
3543
3106
3053
6133
4126
5532
1327
5797
6064
2991
9993
7639
3699
1747
7385
3315
8188
748
4248
4419
131
5378
7230
1241
5209
3189
9939
2385
5118
7403
5372
9751
2300
5433
4629
6826
7226
7632
6903
9353
3358
1729
2271
3779
4825
5786
2346
9954
3522
9567
3596
6100
677
6368
6253
4917
961
2102
1371
2362
5535
3862
9721
9569
9911
8894
2962
1111
1645
4090
6651
5862
8616
6831
4120
70
6820
6377
6735
3124
6913
9703
2419
9996
696
6365
9524
721
3121
2141
6045
9723
759
7425
7215
4293
306
4103
1897
7070
9264
85
9028
6748
1120
2594
8172
518
4131
1536
6189
6544
4575
2779
1202
5253
1633
5330
2743
7037
5579
4863
2950
6378
6249
8705
8610
7179
710
410
2396
3034
7520
155
9566
4189
7866
3557
5038
7560
476
2099
1723
1017
8889
5593
5574
1296
9361
7574
4995
3899
7114
4386
8511
7713
5549
1611
6996
9687
9000
8074
5622
2683
1733
9099
9476
5662
8729
8643
567
8775
9435
7878
7842
860
6921
7769
2425
7779
3276
2267
3339
8888
2568
7362
1631
8247
4335
2742
3429
9054
648
6013
5168
8111
4795
2262
5705
697
1872
7975
4367
1943
8813
8005
8635
6415
344
6193
9986
1192
2437
970
5183
4803
1616
8119
753
7567
4891
488
2010
6924
9697
3156
7319
2834
1825
7082
2763
1018
911
1329
5286
5388
7902
318
8858
8110
5102
5779
2867
5137
7556
2711
665
5184
2671
7641
6038
1638
8199
4478
9965
703
8504
1231
7304
5270
1789
6123
8664
2714
2144
8801
9460
3755
5099
8561
3008
2210
1564
6458
5890
9666
4434
6677
4179
8805
6923
4448
9053
5105
8287
1530
7134
5586
254
3159
4074
2332
9134
5408
2505
7554
5838
8156
6829
7464
1402
4661
6382
7864
2832
2586
617
7402
415
5471
5477
1844
8647
6509
5271
7020
1322
3040
6298
4407
8239
4547
2531
9202
8351
8380
3642
4793
790
1657
6556
2543
3004
8372
3241
9915
6571
1817
487
4500
7223
7233
3419
2876
5560
8050
904
6580
874
8407
9423
3452
5625
2626
4993
3629
9116
1936
8252
946
2127
343
2773
2292
4916
8558
6562
4015
6687
8464
6431
2984
3165
9998
1625
323
978
8491
1463
9917
8836
7043
321
3336
7144
6226
1492
1554
1186
4384
1043
3238
1629
6915
6939
7088
9878
1079
2746
5103
2281
4092
9160
523
5427
1873
262
5805
2369
843
8848
9957
9505
5444
32
8160
3198
7065
6884
4110
1784
2805
194
5027
1918
8551
4275
367
6461
9164
8465
3838
9310
766
6894
9327
2488
1829
2948
3329
716
4145
3587
8104
495
4334
1857
6622
3594
542
867
7508
8871
2642
7032
6059
225
6632
7764
6683
3885
5365
8763
3384
4792
1257
1808
7377
4370
1045
7137
2753
1235
3400
1520
6068
6300
1905
2457
4818
7724
1141
3854
5387
2582
362
2368
4646
7965
2585
8502
1771
6660
7835
8077
8033
4902
8477
5172
8839
6542
1883
6058
433
1612
708
5557
3248
2502
6787
3475
6667
6452
1600
3876
5831
441
6345
1916
8241
57
2694
9539
2974
691
3354
1376
5041
9668
8557
9677
1759
5790
6491
8846
6122
1335
6316
3428
5794
4207
2394
7261
7147
9266
184
3729
2221
9713
7631
1882
725
8963
635
8045
4420
6322
2841
1474
4952
6085
1038
5688
7845
5781
7939
2961
4214
7
4316
778
1375
659
9457
841
6396
357
47
7419
8422
7983
2124
1391
2724
3600
4201
3997
6620
337
1267
1954
8972
9326
8430
3386
5693
7185
8282
4184
8268
5141
6765
2272
4729
2797
9391
6094
923
130
3720
8295
6612
5244
3369
1288
4913
3614
8986
605
738
2700
9215
5236
1068
6280
5049
2673
1714
9059
5582
5242
372
7861
9221
4177
6968
9144
4227
7532
38
9584
6326
555
2982
1876
4206
6652
6800
7135
893
2686
2171
9836
8269
7867
4677
2895
7466
6635
8703
4969
5528
6763
7610
3092
8731
6552
8663
9576
1484
8462
5252
630
6771
4455
7762
7121
1731
5204
7935
6039
9738
4221
2619
9950
9466
214
2074
3538
4590
6608
1586
6836
9969
7050
9538
51
9407
1188
5219
9949
1811
1503
6233
3087
7263
9240
8152
9140
103
7339
4484
5631
1972
7283
5308
4100
5975
7987
6819
3508
9756
6471
7528
9904
831
3791
7002
5546
5732
5793
2433
2728
9511
7807
227
2791
6904
4999
918
2858
977
4681
1041
9663
2947
6402
6479
9880
9819
7727
3412
3011
4376
4284
4816
7458
8349
4270
6840
8192
3057
988
3968
83
9955
2481
8698
6247
4139
3893
4436
8828
4650
3898
1576
3511
5503
417
1694
141
3599
3955
615
8024
6105
6684
5599
4306
7255
2803
7931
8276
3435
1692
6751
44
5312
5704
6449
5620
1670
5144
6469
6920
4217
8638
2699
270
6321
8455
4813
1460
4262
7933
3568
3655
614
7828
1315
9305
4281
8346
6070
4931
3752
6887
4363
3751
6341
2342
2720
74
1818
82
4050
4302
1969
1754
8017
3352
7757
3575
5966
2358
9749
2136
1925
924
8960
209
1456
3925
4538
243
1578
5729
168
2030
7739
1003
3585
7046
9123
5061
7456
2534
1559
8603
7193
9031
1971
4425
9399
5450
4002
6427
564
968
5583
7195
9813
1061
7662
7857
5124
7427
4630
7287
4778
7409
9100
2656
5952
191
7337
4162
613
7678
1613
4422
5
7877
4981
7174
8242
361
5475
2953
3608
364
5712
3173
842
7246
9388
4848
3102
2312
1346
7426
9808
9902
9161
5507
6958
4582
9171
2275
1246
259
3480
4342
9129
9883
9529
6191
2956
9488
3274
2665
6809
9473
5460
1658
1451
1568
8613
2208
3553
2404
3382
4773
6545
327
3286
7326
1374
8640
5232
3427
2048
7804
525
3171
682
2772
5454
3015
3327
9759
8248
5463
4512
2107
7803
6033
3290
7100
6468
3625
5601
315
2927
5426
4364
9428
7110
6528
7231
8682
3601
1592
5419
9282
3136
252
7599
7076
5333
7392
5443
1426
7594
7885
6411
4057
4312
4671
1203
7313
5823
3959
5392
538
3227
4274
9862
9486
3804
3825
6745
8819
9074
3098
7167
8385
3962
5917
746
3229
1663
8296
2783
1997
396
5327
2485
202
1490
602
9136
1010
436
6835
1168
8120
3741
2213
7638
6540
2126
302
6626
6344
2963
9420
9017
1366
3950
4474
8300
1512
1933
240
4068
8011
2707
92
5009
178
6489
4593
993
86
8290
3734
3897
1248
5994
5257
675
1153
7222
6385
4154
3573
3582
6737
4467
2822
2379
8832
9087
5071
4932
4776
6639
7072
7116
24
8630
2751
1786
4362
9246
4753
5635
6149
3114
2777
10
4798
1763
2741
2808
9610
808
1528
6961
750
6633
1228
4788
3348
3363
895
312
1193
8038
8711
4878
9582
9921
218
7256
5918
8264
3117
780
4424
7450
3848
1098
8547
2357
9974
6658
7151
7227
649
8734
4779
4441
5539
7366
2105
9255
2790
106
9132
6166
3398
8608
379
9985
1
2480
1709
9509
6088
466
3992
1326
909
3550
4583
3907
7953
5338
7367
4086
1498
3176
9372
6041
4520
3134
7097
4854
3364
8979
7529
8429
8513
5770
4921
9112
5889
6314
6857
5942
6014
2004
1676
2794
7553
6176
4857
8481
3150
8730
1121
5522
4919
1236
4091
179
2710
2349
182
2478
6203
4937
8697
7690
6223
3705
5131
2176
6589
8687
4014
9179
215
5058
1937
7810
8168
2337
1324
5132
9517
6251
6553
6799
9680
299
1909
3924
105
1339
142
1668
1075
4210
5509
9093
355
2371
8485
405
689
2113
2279
3769
9646
2430
4823
3929
3168
6116
6802
9055
9887
2100
3264
4805
8627
4867
1720
3179
3010
641
1352
7730
9163
4291
7465
2373
9223
9625
5935
3119
3939
547
937
9470
7398
9463
8025
8795
7537
4461
5645
7485
3696
9176
8195
7663
9010
3593
4115
5585
2734
4534
6384
9269
3609
980
8097
4318
1101
2966
7773
9710
3297
9627
1522
1491
1300
9816
5734
5930
4828
4654
1929
5418
4954
9186
8773
3905
5407
2187
5396
3443
3273
8263
7165
3470
6067
9430
4859
8105
7079
4967
8869
2384
5380
7009
7836
2908
5646
2577
2225
4721
857
1052
6296
7775
4807
4493
8102
1486
2387
7063
8796
5898
1504
2640
470
9334
2026
2641
8895
9227
2461
5527
4606
4784
3077
5164
2314
5360
8366
8709
90
7270
1653
1441
356
3377
6723
2555
6170
1824
5757
3787
9365
663
704
4775
7271
8752
5010
1632
1981
1770
6020
9261
5046
979
5720
5362
4698
3211
609
4396
352
8029
73
8924
9715
6564
5239
2454
8989
8726
8719
6007
7159
7213
89
7651
5807
7312
2129
2441
6242
2304
8618
3617
5126
4821
9897
7846
1667
6015
6988
4296
9262
5290
3505
228
8545
776
5714
7736
8488
1724
1488
985
8904
5872
2980
8207
1005
7437
322
2886
8035
8368
8092
3985
8863
5982
2049
6623
8917
3824
2893
4610
5113
983
1110
5915
3334
556
2755
8975
6211
1216
7012
1792
8952
6049
177
2932
5483
9216
4433
2420
5914
1955
8336
4608
267
4604
4326
7683
6272
8931
6386
9598
310
998
4765
6125
9206
8999
9927
2939
5908
237
7030
7682
9879
6791
4846
5874
5921
7401
4601
1776
3033
1319
6466
3490
8321
4680
9587
7011
6704
4036
1607
623
1965
2327
4200
7827
4531
4225
3338
4148
1636
6792
2739
8109
1539
8575
4211
4973
9780
7808
3123
354
5722
4972
231
1354
7025
7871
3463
8044
642
9064
3454
9049
4027
6900
4862
8307
8159
8536
3665
834
5971
839
2589
3436
5110
8881
8518
6614
1574
1773
1434
736
8454
5924
3371
3255
3989
2196
8117
6420
6512
238
6441
6550
1169
1424
7338
7820
9575
3002
1608
4186
4198
6575
1132
7132
7371
2624
1336
1772
9990
3261
5053
8957
6650
5240
586
4540
1417
4466
7054
5167
7182
258
5243
1944
4675
6098
6273
1011
5680
9173
4495
7907
6229
8329
4197
571
8215
1945
2152
4568
9462
4080
3973
3931
6621
7115
2523
2348
4076
8358
4925
1134
7225
1254
4088
6948
7945
2236
7977
6204
1679
1409
4182
475
1518
8147
9368
8417
8478
6142
7370
4055
6881
2112
1953
6430
2216
2076
4748
8138
4684
7415
680
5995
8432
1240
5438
3195
1845
568
375
5434
2960
3586
8198
730
1992
329
7386
8178
6380
626
7184
6893
2509
9036
5678
1140
8539
8122
656
6194
7078
5374
7884
3990
8379
7999
1717
6641
2931
6511
3032
8658
1067
6234
9848
399
1047
4884
9983
1672
5135
3350
1314
9307
125
9852
2223
9298
589
1353
8292
3666
9779
9613
2514
7970
4454
3545
5480
760
2672
77
8591
8523
8062
5013
1705
578
3345
4725
1485
2781
7328
8233
3901
7733
2868
394
7006
3772
3064
7118
4551
5090
3161
4163
1333
5592
6634
6325
6706
2186
8856
8758
7621
8071
4699
2708
4800
800
5447
5264
8944
2367
8185
235
474
7477
9485
1579
2157
1411
3836
8937
3224
5072
6864
7776
4135
9128
4018
2865
2352
5078
2307
7041
4620
5275
6834
6308
3401
7685
4750
3687
1609
9618
2241
3252
2503
276
9558
7310
7674
4246
7461
811
4552
8040
7274
4199
3476
735
9572
2637
4866
4447
6428
5440
1999
3664
9832
9674
1780
6375
1934
6237
8906
4781
3831
8280
6674
8755
6798
553
9995
4838
7611
9385
448
2611
7470
6565
5025
4498
2355
5093
8644
3571
1708
2146
3906
3944
2231
6490
3324
6128
2261
5472
413
5967
3257
2120
4344
161
221
9489
5718
4252
9218
4435
4193
2224
384
6388
2764
7505
15
3
9767
4599
3340
7862
1189
2975
6932
6395
257
1604
2041
4393
6782
4945
588
9968
651
2864
8556
8412
5179
7124
2025
9838
2475
1514
8256
5993
3279
4922
8377
8184
1695
8980
5314
6600
8774
4158
4058
2729
7938
7252
8409
4423
1928
9111
8507
5552
9260
7113
330
5329
3805
4143
4786
5612
952
5441
3439
9095
7805
5538
5965
8326
6257
9204
5446
3760
9503
2691
5698
4852
9402
3187
1139
8399
6435
9936
7839
5617
8209
6129
6376
8245
1049
1124
99
8946
8983
5609
5325
8569
1255
3958
326
2255
1225
3343
234
4957
3864
8672
111
1308
439
2885
3574
2182
226
1846
7700
967
5511
5261
127
6495
3900
6619
9427
6588
9818
6397
4702
8452
2287
5676
922
7158
4572
2290
4171
2621
7092
2063
4203
8900
7590
9073
3714
8595
6766
4530
7218
5843
1161
8115
5974
1524
2733
3012
9790
2185
6522
1495
5610
4515
5694
492
1345
7027
5101
9390
530
6774
9636
5265
7355
5867
1569
4988
1931
3745
5458
7569
1537
534
3974
4479
4709
590
2227
5817
4543
2775
5573
3994
3006
4067
3060
8449
316
6845
6360
1910
9276
9082
2445
9754
2156
5198
3240
9942
9851
6830
1567
9849
7434
6585
1801
9913
3137
7044
6505
7143
2930
593
644
2014
8959
1382
1684
1572
5934
9890
548
4768
9383
931
2322
1258
3047
4761
6184
9527
4617
1875
1205
9150
3487
7891
8026
9404
5987
2688
1304
9662
4726
9181
3028
992
6027
8508
4508
1472
1697
7763
5850
4321
8480
1384
7164
7778
1998
335
2862
7850
2410
8893
4749
4371
7251
8179
468
5909
3842
1277
6689
520
7834
9837
724
6733
8582
5195
4271
9884
87
1842
6638
934
2175
2084
3877
2517
7601
4718
2363
7618
3551
6259
1932
4279
5588
7624
7524
9960
3972
4041
6883
5946
5386
1851
7262
9825
9935
1342
3995
3464
6627
4836
8337
936
2818
4347
2132
4502
2524
5876
1123
2599
9907
1650
5364
6323
3056
4392
9241
7324
3330
6755
6618
9660
2361
2375
2730
5978
4150
3284
8332
1794
1166
5667
8604
1496
9157
5989
78
8361
4112
6354
8787
5282
7989
1459
9213
4738
2023
7173
3886
6538
1624
2719
8678
9438
8636
4066
6363
9167
5791
7892
1703
9166
5285
7824
2238
3632
1838
912
1278
239
4319
9643
2620
9971
7822
7605
784
2009
2088
722
7607
1407
5129
1693
2184
3920
2443
4106
7449
7242
4183
9285
6241
5751
4044
9937
3493
1468
5000
8998
3530
5428
460
7154
678
1072
189
4780
9988
9137
6536
9452
3740
134
419
1462
6437
8376
9154
6543
4233
9682
2350
890
1826
1896
6914
4290
917
7210
6617
236
1843
7744
2284
1983
3278
3030
6823
838
7022
7295
5109
2643
9251
7794
7652
554
2376
2453
4439
1078
7687
5224
4075
6208
8854
8258
7680
2550
8549
5028
3118
8135
4023
2712
8166
4755
4247
2581
599
5299
6517
533
9962
5696
5900
955
48
914
6199
7985
1683
8749
6942
1744
2525
5094
5156
4733
3733
9110
6843
7349
880
6855
7918
3223
9398
7396
6532
3395
3692
7998
3659
9976
729
143
1431
6654
9096
7535
6691
398
319
6699
8267
6352
9908
6866
129
587
3867
5250
4743
6210
2413
6850
5882
9376
7015
2748
1404
4996
4390
4309
6276
8226
1000
1006
4756
9378
777
9012
9513
8278
3506
7315
982
4389
7190
6810
472
9698
9516
604
6729
1749
522
1022
2206
625
6138
9512
6260
8320
9193
1549
4920
1082
8357
5912
2177
6929
2143
3579
1030
4196
2397
4728
5783
6615
7656
2989
8974
7914
767
8440
6373
3020
7613
4782
2345
826
9249
9709
148
1890
9824
2140
2827
6898
4561
2807
64
8617
8580
154
3332
4388
8381
8759
5922
8721
7874
8348
6501
8684
5210
8059
5607
5307
6157
69
3887
9345
