934
332
86
185
983
417
241
410
851
266
189
502
531
755
489
31
458
905
243
252
265
465
562
387
482
473
758
214
615
623
865
405
83
171
609
625
396
938
621
777
598
881
376
19
26
863
749
248
686
860
596
106
333
459
131
385
470
275
395
151
779
215
438
95
548
97
192
207
456
267
304
423
343
921
874
223
211
632
711
96
195
422
433
44
324
202
377
503
649
107
566
781
653
899
911
557
360
580
246
960
87
528
432
273
714
854
646
864
654
832
939
150
848
799
993
7
132
655
54
48
536
57
727
55
685
856
917
880
913
919
268
846
439
11
334
127
320
748
550
99
245
995
514
213
508
210
88
918
280
687
72
392
133
16
181
270
737
302
540
750
992
36
722
198
256
923
125
498
101
692
784
937
701
368
495
66
191
765
71
868
998
829
325
981
522
367
447
401
764
961
173
585
499
196
354
464
997
229
399
412
690
80
1
772
356
912
78
263
42
235
437
153
963
516
964
449
344
994
523
359
186
581
674
801
174
954
538
553
555
953
809
927
613
891
527
725
876
144
931
884
723
337
276
52
533
450
975
834
673
647
309
697
336
74
475
656
178
645
684
373
374
590
950
515
925
519
257
365
892
630
500
177
977
492
593
221
568
747
149
250
930
721
794
457
728
908
604
306
967
91
878
700
569
675
857
513
984
607
117
705
762
228
826
909
959
159
443
390
73
651
657
408
670
468
677
837
90
665
529
466
463
4
157
796
746
118
442
62
805
611
660
787
479
610
231
935
650
616
93
139
767
327
188
789
763
560
28
389
729
444
518
384
543
958
639
34
51
238
222
736
349
631
402
775
972
563
328
225
668
815
319
567
493
331
740
41
594
507
33
979
391
669
771
662
505
583
10
474
303
446
985
752
56
806
47
955
282
545
996
663
628
956
813
866
200
486
239
63
429
745
885
818
430
807
2
440
406
326
130
366
957
288
887
312
184
587
364
709
730
341
17
467
152
3
455
478
902
491
517
70
820
877
852
915
27
969
94
770
335
180
98
988
595
715
573
678
187
726
537
85
586
454
357
305
75
894
146
352
910
208
409
193
168
462
757
870
512
415
338
971
216
342
597
293
782
732
936
861
681
300
23
914
137
494
236
933
592
370
9
719
403
743
790
480
244
294
626
551
761
79
622
893
81
351
862
315
731
203
867
274
100
932
751
882
987
121
104
831
285
776
783
258
525
974
363
624
483
966
619
355
345
875
845
68
741
707
67
564
398
156
60
21
279
253
661
659
353
0
123
605
350
720
970
135
119
262
510
206
608
25
383
158
46
287
946
559
683
298
786
371
897
859
577
65
948
307
136
318
38
574
676
237
247
708
108
889
546
388
941
816
691
949
84
30
754
234
873
792
788
453
618
424
738
671
290
251
226
945
358
348
209
888
183
962
386
565
802
539
627
679
579
710
317
120
980
485
218
717
301
115
886
425
986
785
15
549
716
561
575
600
37
176
636
124
49
843
316
578
739
640
414
451
839
599
633
197
497
362
901
372
524
14
766
220
240
129
825
212
924
292
224
40
871
844
283
140
112
680
110
8
24
907
629
833
693
199
278
652
841
179
32
314
472
182
808
481
849
427
217
382
991
511
541
418
965
13
59
428
380
698
172
929
530
323
452
397
638
204
126
142
484
603
166
556
20
436
558
460
134
381
532
169
35
999
435
943
821
170
803
175
361
712
898
828
695
916
441
643
635
756
113
724
205
641
576
694
58
890
162
18
689
928
369
416
688
469
838
601
269
542
330
582
219
883
407
713
339
400
589
164
990
286
260
637
791
906
61
699
634
487
242
261
814
620
774
230
903
163
254
111
295
667
509
296
421
819
947
154
827
702
39
926
817
830
496
393
506
284
461
434
778
940
951
855
308
547
141
375
128
143
310
161
942
281
982
554
297
812
346
742
682
43
824
642
572
571
904
114
804
968
155
797
249
394
703
920
780
606
521
617
272
810
431
321
255
233
535
404
570
448
989
12
922
734
666
471
858
45
488
973
5
896
138
379
122
664
944
733
773
476
147
148
952
978
800
644
823
167
69
271
411
658
227
768
264
232
291
116
426
322
526
76
490
145
504
706
477
744
105
329
289
64
835
602
840
842
419
696
718
277
50
299
735
704
591
22
311
103
760
836
822
895
552
445
672
109
501
872
759
313
612
92
420
793
259
879
413
165
6
53
795
847
614
194
869
160
82
976
648
520
29
584
798
900
340
811
753
588
89
190
201
347
769
544
102
77
378
534
853
850
