2846.91 1901.16
7971.53 1804.57
4459.12 6488.19
8225.65 5929.13
607.16 9500.14
1442.31 6569.26
4377.13 3026.71
3424.2 2627.17
733.08 8080.93
3508.73 8257.48
2999.3 9701.46
65.42 8470.31
8170.1 5360.41
2981.47 4854.72
5639.65 2533.31
1865.02 3650.09
4434.48 9836.56
5454.66 4057.12
1488.27 8843.84
5149.78 2095.43
3507.5 6592.09
3828.21 3048.16
4782.32 2415.93
5675.33 678.92
496.86 9184.06
8936.4 8659.69
4049.05 4165.35
7130 2219.15
4689.28 5275
7073.87 328.94
7808.31 4102.41
3979.03 7406.31
3938.97 4597.21
1463.44 5427.24
3441.05 6613.22
2686.19 2112.08
8368.83 1677.92
5160.24 3151.15
4093.85 835.57
3830.08 9754.24
5183.15 7930
8413.93 4395.72
7258.87 707.45
1778.39 1948.16
5982.45 4015.78
7440.62 8954.29
8118.2 6583.17
6360.6 7220.69
6343.9 7824.04
7811.46 9784.96
9600.78 497.65
1897.04 7969.61
2175.58 2220.8
6284.29 1432.95
3056.37 5277.89
1187.19 3403.04
8371.41 4764.64
7798.77 793.81
635.62 9577.16
7905.49 1781.59
8756.47 5346.11
735.88 6874.67
7092.8 7096.49
4095.36 3436.7
84.05 1906.82
8385.18 4848.36
2404.48 5445.74
7981.49 9743.58
7666.54 4265.78
1176.53 5886.43
4707.19 7527.25
9289.48 3078.61
7455.41 2251.77
3872.42 8091.03
6992.45 1777.91
9872.63 5748.92
2287.54 608.51
7787.11 9380.34
2868.52 1882.48
7980.56 2952.58
3789.3 6365.75
2964.46 1357.3
1811.49 945.95
6264.4 9478.04
5211.74 2604.46
527.99 5082.45
131.71 9817.47
8161.06 7587.12
7232.76 7197
841.68 9388.74
4138.43 714.31
301.18 1589.49
1322.82 8088.3
6133.35 4191.35
9970.78 4113.92
2307.45 8923.6
479.67 5271.91
5444.43 7454.68
6217.86 1708.83
6932.72 6593.12
9476.81 7460.72
1675.58 4772.04
2441.71 5000.16
2359.17 4838
7360.69 8364.37
9390.26 6662.64
9078.68 9691.44
8252.14 401.5
7779.74 4385.49
9756.37 2914.04
3662.93 7227.34
7001.17 4142.6
2499.25 2445.6
1597.29 3880.64
9317.95 3693.53
5637.28 8794.77
6317.77 2476.38
3566.81 3923.01
2640.07 1089.5
8761.01 0.76
9453.87 8151.27
1826.92 8532.55
3006.23 79.06
4097.58 5949.5
9628.08 3853.95
8863.54 3291.01
1081.3 1028.23
2597.14 8744.07
3473.83 4194.43
7788.23 7955.31
3051.48 3425.52
6750.08 9369.26
5901.9 316.89
3292.27 8541.97
1406.4 7216.8
3706.25 6023.79
531.59 5533.18
4556.35 3537.82
775.76 8653.93
4650.84 403.84
7671.4 8677.91
8858.38 3916.22
9706.14 1455.52
2660.3 8343.5
813.47 448.53
6298.81 3864.95
9037.57 3048.89
8397.73 4939.48
8529.3 6853.52
8644.97 9935.7
4070.32 7514.75
1123.02 9765.43
8211.45 5679.37
8466.78 8987.21
9496.82 3117.62
4554.58 7168.22
1795.53 3412.96
6247.97 6665.2
4868.48 8908.27
5008.7 845.47
4520.32 1307.51
4710.42 3557.9
9519.92 8271.68
3660.9 8049.22
5125.2 7469.39
3148.45 4359.05
147.66 4271.47
4124.48 8359.11
5114.36 7754.78
7346.33 4611.18
872.41 1900.91
6942.92 7831.46
5313.87 8354.41
9660.18 5345.87
7262.68 4668.88
1354.86 6946.53
1139.91 1228.8
5667.95 659.83
9500.48 9328.85
3872.58 4625.69
1961.76 7021.03
4148.26 2109.43
6456.02 3436.26
468.54 1570.38
1191.05 2978.39
1345.08 7226.98
4879.3 3451.52
221.96 5356.69
1805.94 9882.15
5866.08 4232.14
4551.03 7220.94
1178.67 854.47
8449.75 2010.14
1514.3 3113.75
6502.51 5386.88
2902.96 8464.28
7571.43 7051.22
5737.23 4027.45
487.49 6205.77
761.35 6842.06
4347.69 7269.95
4069.04 9226.99
721.48 4291
4583.69 7690.94
4173.15 5613.29
1923.08 3887.71
2834.24 8265.28
4742.18 6447.51
5438.94 1420
9561.26 1941.46
1970.41 2464.23
405.74 9541.84
9515.45 1306.49
8732.82 5166.46
2675.78 4657.69
2008.52 7023.47
1927.65 6077.56
6250.47 2649.13
5532.09 5997.68
5503.59 4868.76
1610.97 2590.19
3919.99 9608.73
6018.99 8662.17
1219.76 1457.94
5245.7 781.03
3399.4 7216.11
8408.78 8968.66
1921.47 7924.23
275.15 654.29
8254.22 8114.45
5311.99 262.74
5137.93 7239.64
1503.83 6551.92
5052.29 2199.44
2549.6 5719.4
7068.2 9324.09
8309.59 6151.72
4096.35 4328.59
9977.41 5316.11
950.05 5223.11
1260.66 4349.45
7602.74 9669.44
8481.63 9524.22
2757.2 3920.3
5342.03 1011.42
2034.75 654.02
6437.68 2336.2
3057.18 7941.51
8888.12 3272.99
5304.47 6601.24
8992.39 7536.2
1088.86 2465.51
3687.92 5185.21
6794.1 3665.33
5664.84 7744.15
8888.45 6925.51
7257.12 6491.19
6594.95 902.27
1178.93 9352.15
9986.09 6520.97
5527.09 2020.84
7174.99 1964.78
9520.57 5395.7
5069.81 8408.69
3832.21 374.29
5009.94 2824.61
7910.49 6098.8
5290.12 1598.41
6447.53 7247.74
427.26 2112.37
155.41 4479.23
9037.88 2576.05
970.43 796.36
3478.32 2149.36
148.51 3464.41
8670.33 5675.61
648.77 1008.85
2803.91 169.34
1568.07 7873.72
3741.56 5400.28
3411.53 3915.02
3388.41 1322.02
13.82 3842.05
8083.95 1624.87
6253.31 3674.74
3737.24 6408.72
8153.97 7938.65
4148.29 9124.4
8735.01 7626.61
6437.29 4047.04
6254.54 271.14
4886.17 2066.84
6443.51 2853.6
7399.7 8011.58
727.33 1141.26
8575.39 4138.86
5056.28 1963.8
624.41 233.62
969.38 3871.88
1858.49 7222.69
7546.62 759.26
3631.42 5700.6
3861.43 2943.23
9988.52 7759.96
5733.37 1589.33
1807 1987.91
1860.48 1856.7
9218.27 3467.51
4710.3 1781.5
6642.62 601.15
2922.76 5218.01
9903.54 3142.57
2345.33 527.95
8539.71 3314.71
9563.35 5561.73
537.41 2273.5
1484.51 9332.35
3137.62 5345.94
2275.58 8289.66
3105.9 8008.95
9879 76.42
5160.39 6903
1933.12 9542.18
370.51 6643.43
1323.68 2176.65
7244.58 9409.97
7394.66 7148.12
7716.06 9740
2839.59 6255.77
8218.23 7566.47
6981.02 3919.16
9839.97 8465.53
8415.03 8141.11
3811.47 5854.14
6430.77 2080.89
9026.61 6309.77
2157.32 9350.52
8376.29 4090.44
8892.71 3910.33
5897.39 5379.91
6086.98 8305.5
4789.88 8645.17
617.14 2505.94
8385.17 3456.74
3925.24 1766.92
6186.73 906.26
849.61 1190.22
9371.8 9264.64
9331.33 8346.79
5118.78 925.62
427.69 9308.92
2398.92 2585.01
8659.44 775.21
1838.97 2715.67
9849.06 2899.89
8095.59 5936.05
1205.39 2885.47
4581.22 1822.53
5391.42 8129.91
442.79 4480.18
5060.35 6629.52
5386.44 5909.96
2983.26 4758.24
5174.61 7478.11
3105.04 5456.91
8403.74 8696.25
4765.83 802.66
1281.26 8588.8
1577.87 8283.75
1304.47 1426.94
1183.64 9400.06
2526.51 7552.55
7449.06 7107.73
9375.09 8004
401.16 4981.4
2484.18 5461.51
6774.45 7870.62
1371.48 9757.71
7792.39 1709.61
7235.83 897.43
7166.52 803.09
9593.68 7095.88
1605.75 6038.46
848.2 8347.14
9485.73 2152.67
4937.6 5832.9
6716.26 7464.11
3385.45 9328.84
9735.36 7924.06
7332.84 136.52
2905.47 4980.54
5598.04 4843.44
8014.68 2133.04
9764.67 5807.07
3842.65 2164.02
1868.02 6172.69
2967.11 6625.22
3268.57 4572.86
7827.2 9280.29
2920.01 7312.94
6596.49 3021.13
3145.84 3312.75
485.25 1694.81
7805.11 5384.13
9618.88 301.47
5520.66 7687.87
5282.01 6282.22
2531.31 8460.21
3578.78 2295.98
4267.29 7421.43
4460.01 6135.31
3594.12 2590.64
2760.54 2026.22
7163.51 5751.26
1306.51 5247.04
3064.2 7903
8268.17 1373.56
6379.27 3916.94
3068.38 9347.9
9301.08 2687.26
9649.37 9985.26
375.13 94.9
1431 8069.96
8555.12 5009.78
5529.46 2822.41
7594.73 9989.47
4121.24 6352.37
2580.12 2045.3
8378.59 4907.15
7796.57 4848.63
5317.71 6024.29
7915.15 3585.88
7397.86 9457.95
2666.35 5629.76
8805.85 7130.95
3480.54 8455.23
2279.73 3855.67
8550.13 8874.25
7089.15 2268.77
9047.55 2618.61
254.7 6642.28
7771.61 9539.47
8158.17 5515.25
1584.77 6536.77
422.4 4544.86
6548.92 5740.11
5732.68 4464.07
4489.51 8294.06
9085.54 2319.38
3923.82 7891.4
9450.33 7404.36
6346.63 6893.58
6423.55 60.28
5767.83 3512.7
2329.06 4815.38
1294.83 7747.28
1457.66 9066.44
7286.75 9615.84
4581.69 4035.05
1316.13 5004.09
3743.43 3028.57
5907.72 9476.11
2656.16 5560.76
7770.17 1741.71
7880.14 6857.51
9633.11 2494
9425.39 1143.26
9387.58 5848.94
1203.54 5155.42
4525.16 8696.12
9970.8 5820
1606.93 6591.99
4886.44 8893.68
1371.35 9468.14
2928.73 7851
9635.75 6672.17
879.57 707
1311.8 8699.25
6267.76 9081.98
440.96 9311.42
1103.01 5237.59
1805.42 528.41
6380.85 6356.53
6377.35 2747.92
1511.95 6066.04
1444.04 6646.27
1886.04 8214.49
3238.26 1936
7108.18 9773.13
6567.66 5200.43
7624.13 6203.42
7036.12 3667.22
2073.94 8347.93
2366.48 3505.22
2593.43 7970.96
2816.64 3696.44
3208.56 9785.59
4224.85 9589.41
6142.12 5765.73
2337.33 7654.07
1831.77 8944.9
4300.34 8881.33
7159.39 2702.13
817.33 9431.09
2475.26 7385
9795.05 5262.92
8751.94 6831.17
8930.14 825.88
342.62 6460.14
4331.1 2936.05
4431.11 2311.26
1796.02 7639.67
2096.85 6020.87
7229.08 8238.97
6950.12 4729.94
1056.56 8781.89
8838.36 5356.91
7663.22 1161.27
3222.56 3644.08
5755.89 861.34
1029.08 5550.94
6124.26 4944.54
2382.11 217.93
933.94 7888.26
6678.07 428.56
824.31 1109.18
2739.82 7783.85
8748.85 4836.68
3804.73 1141.46
3075.65 754.85
5871.4 4132.22
4700.27 9873.28
4652.65 7527.01
1034.55 3038.73
1171.09 6790.44
3900.07 7363.69
7504.9 24.34
2308.23 5050.54
242.27 3242.17
2938.8 6920.34
3670.73 8926.63
8029.53 6410.56
6710.49 1941.9
6410.76 515.22
3083.36 4649.93
6433.59 4118.28
3945.67 6297.38
3991.56 8598.32
3824.4 189.64
6800.57 4995.49
2143.6 700.65
7522.71 9648.51
724.99 9830.94
4699.05 6130.78
8236.64 7637.85
8214.64 7070.89
6564.48 1407.69
8644.97 3274.97
3349.6 5055.73
8953.71 6432.96
9705.67 550.83
5714.77 8814.86
2011.73 4869.85
2576.71 5836.13
5059.49 9377.28
5995.15 2366.62
77.93 3517.86
2015.13 5966.44
8512.32 1877.7
7260.74 6748.96
4679.07 5475.39
3819.86 1243.55
6883.08 7628.35
9682.05 5396.2
2684.09 3799.28
6992.69 7553.28
9513.63 2707.46
6368.14 1525.37
7577.31 4108.37
2525.02 7800.33
3485.66 8520.17
166.95 3563.59
7201.55 7345.6
4693.56 5713.88
9223.3 1954.3
2462.84 3902.37
7429.69 1446.22
309.44 9476.3
9074.58 5155.01
4872.5 6922.19
4117.82 1865.19
9638.99 3631.45
9736.17 1170.65
320.34 7313.49
5279.03 2845.37
5113.82 8764.69
1365.54 444.29
7491.8 3730.62
7789.89 2185.36
9444.5 2176.71
4139.67 7070.86
6079.08 6732.88
3680.61 1552.04
1372.7 7918.71
1870.58 6245.21
4840.9 5988.4
3273.92 9643.41
4783.37 3010.1
814.06 5103.72
5487.11 6093.09
3112.61 600.93
21.3 9641.67
1045.22 7513.11
3372.29 3998.63
4861.99 2816.79
6175.34 4165.18
5051.18 7417.94
898.07 8731.79
8969.98 2270.77
6650.5 6004.08
3679.5 6654.92
7156 6953.43
6298.33 1939.38
5127.05 7112.39
2206.62 614.16
8369.01 5319.23
6378.61 8390.31
124.42 2587.35
1066.94 3496.72
6585.98 5928.94
6313.51 2761.32
94.12 1364.69
5342.78 6155.71
5260 9476.28
3590.01 1910.5
5480.37 7269.51
3728.94 2636.37
9386.46 27.27
9739.27 9677.03
2303.19 7109.41
291.19 672.2
7592.16 6669.8
4226.03 7716.59
9257.15 5292.98
1213.31 1006.65
6385.44 2690.34
8931.49 6479.56
9218.56 4274.27
2635.28 4478.56
3750.56 6225.29
1552.59 4394.45
8658.32 5281.53
7030.82 3208.31
472.33 1933.62
2885.34 2775.52
9043.03 3176.54
8611.24 6635.2
5009.86 8000.79
4351.79 9430.54
8457.29 728.62
437.19 4842.73
3418.96 4532.21
6485.82 7801.04
8806.48 9121.1
2279.61 7720.56
509.91 8995.72
2115.01 4331.75
4277.25 4309.36
7540.06 9913.1
6242.98 425.41
7852.14 449.53
8765.47 1626.9
7084.73 8938.85
9627.7 6600.04
8369.39 8084.99
2492.18 3970.11
8091.25 5911.15
3665.84 4577.07
3712.19 2472.32
8861.69 1155.32
5356.41 9371.6
151.04 7471.42
8866.87 9591.82
1780.78 1570.46
4668.44 3187.28
7159.39 2520.59
3636.82 5924.86
4147.49 5885.07
27.23 3775.19
2485.12 8396.63
7023.71 4977.3
7530.26 5114.96
6051.97 1196.1
9692.03 4927.69
8831.94 8553.72
1246.53 4188.35
3088.84 6561.1
1659.78 7119.23
6152.92 8604.08
8689.69 821.36
1791.37 5849.08
8505.47 5428.19
6937.46 2652.97
1313.26 6964.7
1591.68 8961.9
524.85 8615.39
9102.73 8055.11
3730.35 318.22
4414.73 8585.9
409.43 3246.67
7139.62 1655.97
2598.55 5391.98
8217.07 9421.85
2511.22 9533.51
8025.93 1200.91
354.87 4980.82
2213.52 8860.35
409.01 9150.98
6676.84 6885.8
6115.68 8268.52
1011.22 1804.05
2047.44 113.95
9859.16 5777.79
5595.7 9437.41
9527.22 6005.13
7847.61 1830.36
7661.1 446.16
7222.35 5878.17
9868.01 4897.09
5411.68 7893.94
6098 930.08
8038.29 8311.52
4953.95 8447.3
2626.03 6794.31
496.62 3905.23
5062.83 1507.85
5709.29 7110.27
6785.32 731.97
8051.59 2381.02
169.39 7578.81
3549.68 3180.52
4572.69 1210.78
3626.68 1795.04
2252.48 3494.69
6692.13 2827.68
6552.15 7953.66
8921.28 4590.44
1428.7 3875.23
8201.27 9218.25
5833.06 3861.41
3123.49 895.9
532.78 3996.3
3169.69 7318.11
4728.27 6384.8
4862.65 61.18
9127.13 3575.85
3241.7 3699.83
4786.64 6868.38
658.39 2202.64
5526.59 2514.05
5030.32 7242.27
467.71 3951.61
6996.23 7059.93
2990.36 361.02
1441.71 8823.43
4222.44 4565.2
4882.85 4755.22
8561.5 8052.54
7236.85 8453.29
9600.87 7263.03
8514.48 8728
838.88 6919.7
2427.83 789.04
8951.61 3086.23
2991.68 4478.2
5600.28 8022.01
6883.99 1231.51
7137.14 3880.23
3454.96 127.5
4241.25 4896.67
4114.45 3627.21
4625.39 8997.3
8382.44 8350.41
2213.37 782.81
6803.71 1814.24
8045.84 5318.19
542.24 8884.73
7401.41 8133.6
9673.77 6353.02
1219.83 7828.98
5994.75 1983.63
5850.99 2878.74
8378.66 2988.13
1922.49 6997.14
8279.15 1327.27
7057.34 2393.61
4954.48 1682.73
1390.91 8500.44
33.15 8767.8
9283.26 6836.86
582.04 7329.1
7318.57 6287.81
1377.35 4719.98
4421.41 6214.65
6236.53 804.76
4043.63 2231.28
2788.39 5058.14
5110.02 6330.57
3209.79 2196.04
8491.23 1488.94
3523.31 5548.57
3882.55 8477.79
7231.31 436.99
6978.24 2427.98
9204.79 1425.02
4428.36 4950.36
3917.64 1746.93
1238.17 458.52
1630.43 823.1
6673.17 3030.48
1627.86 5880.32
5261.76 9579.77
6101.98 5535.31
5910.34 9311.77
7731.35 9565.09
800.71 1254.66
5113.67 9846.79
4895.97 7508.5
283.78 7037.73
9936.48 4652.09
8462.75 4364.84
4765.97 7543.92
1275.29 1167.66
8002.44 8069.24
1990.76 9839.13
1099.73 3618.62
882.97 1525.01
3198.39 6984.95
7060.32 4272.25
6296.72 9955.19
3837.35 2260.95
6373.37 8951.02
2107.74 1269.35
6459.52 7555.04
3470.6 1559.52
7370.66 7096.88
5924.36 2136.63
4640.8 2363.17
3304.3 2643.24
432.41 458.58
2482.37 6695.66
4077.21 8528.86
8220.68 2439.12
5513.81 444.52
6711.38 6974.05
399.72 5712.25
4398.52 6773.09
9826.79 1669.79
3205.96 1449.83
4388.35 6676.57
3009.35 1759.01
8936.97 4097.23
9059.17 3577.77
6460.4 7526.99
1384.53 2056.33
7985.57 9030.42
3915.52 7226.3
7559.28 2136.2
9665.43 8236.61
2580.72 1540.33
5210.66 8143.96
7252.58 9609.18
4917.06 7079.37
6442.49 3286.54
8529.2 830.85
9963.11 6702.07
2589.86 8900.08
799.3 6812.55
7641.37 2423.22
9503.06 9025.9
9643.07 7488.64
8056.32 3558.59
4714.94 779.12
5694.79 9543.89
9015.73 3439.04
1084.22 4226.39
6746.52 3500.32
8999.1 1663.58
579.69 5441.59
4950.13 4272.41
1435.96 76.76
6138 4025.83
4140.37 6937.3
6001.9 6945.26
4524.04 5504.97
5971.17 4167.12
8157.13 9191.01
7725.71 8035.59
9970.14 8584.03
7579.49 4149.39
7186.59 8663.71
3539.31 3933.11
2164.04 2538.41
760.22 7907.25
3143.52 873.87
7343.19 4579.49
6114.15 3481.19
3768.84 254.52
5582.02 4934.26
7199.79 106.06
439.23 8334.48
9436.7 8596.36
7525.49 7162.42
6631.96 2659.15
909.97 9374.97
6808.55 8096.56
3202.2 347.86
2029.67 529.76
8049.79 2789.89
3600.54 6356.83
8827.28 943.73
6099.84 4941.44
9588.44 9868.68
5195.96 333.98
9966.47 7559.27
440.05 405.7
1057.27 5040.27
4165.59 8582.77
2202.69 5961.07
6405.44 3112.66
5336.04 8377.51
6372.74 3701.76
3888.89 8402.42
4231.53 1938.68
6355.83 7832.07
3459.04 5183.12
3939.32 9558.88
5288.08 3527.76
4591.09 484.04
3861.75 4557.56
3206.84 9465.32
126.78 4264.11
4505.59 4292.37
8010.4 1871.81
5416.96 9579.37
147.99 5916.52
7956.88 6520.74
9618.29 1845.78
86.68 3849.82
8947.98 6442.51
6845.41 7570.54
6789.15 784.73
7129.43 2077.23
9476.01 1720.52
7724.8 3337.76
1441.6 6095.16
7966.6 1568.38
5522.79 7635.72
1024.28 3533.2
9507.53 6441.24
8276.09 4819.04
2357.77 6232.97
6503.3 1976.06
3242.27 6589.98
989.4 7353.78
8196.02 7834.81
4924.32 148.69
3783.06 7217.27
2225.93 3259.07
8937.79 5114.25
6596.84 379.39
1209.41 9726.96
7111.3 6732.2
7362.68 8135.58
5428.92 2033.73
4576.82 3705.01
2016.3 2098.11
5101.51 8519.6
9237.69 3507.3
5109.59 227.09
6024.6 8469.13
3225.42 948.93
8617.82 7008.48
8166.2 843.75
5431.08 2267.52
1121.52 7191.44
7810.43 7494.45
6918.4 4921.73
9390.18 9444.61
8220.83 4819.1
1478.34 2797.66
3687.64 8658.16
4895.77 3952.67
7177.77 4133.47
2623.49 7450.88
9524.08 8648.1
5920.01 7913.03
9597.03 4537.83
85.03 2926.75
5381.59 5516.11
