666
311
916
792
344
496
366
608
960
144
492
243
839
707
433
725
801
770
279
386
476
680
587
151
827
319
592
333
192
630
406
249
28
748
399
493
736
707
161
369
314
384
299
208
22
744
494
906
475
429
891
410
129
281
976
218
890
92
255
382
901
627
623
971
640
690
724
469
726
287
742
600
667
752
365
413
274
601
718
134
701
243
99
448
215
127
633
304
493
175
78
630
762
341
279
624
380
964
611
197
962
477
733
146
945
578
608
629
939
595
725
195
612
105
533
854
515
835
730
11
104
704
71
237
651
178
375
680
616
412
769
941
142
609
837
61
28
667
622
6
319
291
734
591
714
232
456
315
553
170
410
150
734
53
49
381
890
679
412
700
22
715
181
0
2
761
296
264
114
772
451
754
293
292
749
677
815
53
391
514
76
781
791
208
309
700
609
243
975
920
921
633
76
585
630
342
552
431
500
250
773
502
553
589
894
846
693
889
365
365
978
128
101
602
405
756
748
169
725
846
795
981
813
532
44
618
830
806
431
866
978
716
983
776
677
724
792
396
605
187
951
568
103
247
236
520
119
629
515
522
90
307
362
645
239
224
726
537
40
108
313
391
365
234
32
398
801
555
182
414
387
40
492
562
39
303
298
650
585
731
666
881
102
609
233
654
852
13
675
718
405
635
792
262
490
838
117
423
364
302
170
873
943
140
754
170
755
189
174
911
542
750
216
170
861
42
737
232
171
393
134
224
354
149
232
960
248
907
792
614
423
758
818
892
655
988
526
482
249
616
114
967
766
93
658
986
983
810
495
89
727
137
311
314
568
22
48
926
260
339
982
419
624
0
195
320
96
412
456
660
915
485
703
483
389
930
816
841
836
683
181
636
359
374
146
521
514
190
180
93
512
289
293
371
257
646
597
488
60
698
885
915
997
912
691
87
528
610
940
548
423
293
143
268
386
638
972
174
597
104
572
802
973
175
262
377
319
249
977
319
133
856
253
754
254
561
46
601
0
37
179
977
981
985
711
86
370
448
148
789
17
848
158
487
911
457
65
758
565
135
202
301
869
339
29
119
332
187
22
438
16
76
874
475
946
401
996
526
796
712
102
784
660
231
629
53
664
569
424
339
337
158
954
433
433
762
43
317
693
53
748
362
78
737
605
266
269
521
911
520
554
577
372
991
646
854
886
165
289
286
373
557
87
207
986
385
890
597
118
405
587
772
987
619
924
574
532
384
839
590
221
803
820
961
766
814
304
408
215
518
11
935
217
617
98
752
404
528
766
521
247
657
925
155
450
527
208
359
727
939
987
815
675
450
202
874
785
450
955
157
303
472
319
49
939
999
509
937
311
101
564
667
898
958
527
650
565
911
217
39
576
261
536
832
136
397
316
120
284
128
708
441
65
74
171
774
792
344
68
821
446
13
265
5
144
128
821
851
914
302
675
164
628
234
464
367
532
393
132
772
451
556
529
872
311
271
333
821
202
681
69
829
812
141
391
71
757
560
294
932
121
160
985
259
68
61
520
933
823
649
892
810
713
576
791
349
35
82
564
549
181
890
422
546
981
240
221
493
732
299
153
792
650
120
123
413
407
664
256
583
825
691
418
875
988
853
254
463
246
80
610
47
966
307
707
280
337
806
719
351
34
24
978
932
850
573
765
88
902
670
227
76
589
33
621
86
960
615
720
592
389
687
752
770
270
395
0
982
497
554
400
240
192
148
2
891
462
761
378
379
756
871
222
997
978
404
128
923
214
110
44
980
614
528
521
574
793
484
888
835
940
968
556
508
836
98
981
558
969
586
132
31
282
212
388
5
724
462
660
908
803
896
759
354
205
89
8
393
353
433
643
366
738
394
433
637
455
975
138
163
72
600
423
494
697
907
604
833
934
939
706
915
104
840
797
79
100
624
676
870
846
697
615
935
401
131
431
884
928
900
514
908
474
39
546
879
286
31
778
609
583
663
200
139
728
824
721
674
363
586
101
608
907
646
718
30
649
980
712
223
649
834
46
727
723
565
751
117
650
281
972
248
350
84
333
842
342
718
561
922
406
818
346
357
807
362
304
8
533
21
218
74
854
704
350
685
288
812
459
362
861
213
451
265
821
996
86
870
967
899
714
667
623
262
778
389
141
950
904
668
631
731
26
782
516
590
456
756
576
331
40
89
629
351
858
888
9
597
966
895
291
110
566
807
428
700
169
390
886
566
404
677
63
226
664
74
74
140
240
705
676
607
717
860
488
733
371
304
190
29
688
410
179
662
886
802
574
276
139
646
940
33
637
808
891
853
570
814
902
377
858
0
75
750
825
134
634
711
369
328
366
414
269
424
283
480
384
498
265
983
305
595
846
239
978
433
669
41
96
795
442
461
701
462
169
966
972
40
527
656
186
322
645
419
394
348
763
214
633
938
305
207
934
506
58
119
598
990
724
123
275
434
229
915
468
669
658
928
416
930
429
866
232
321
450
81
510
107
192
113
195
56
169
395
152
776
620
561
120
91
167
682
200
463
911
427
116
170
329
130
593
70
169
985
523
573
853
368
920
718
228
839
841
420
5
831
692
136
18
830
785
783
99
331
305
915
730
833
113
578
232
684
309
896
192
478
863
718
735
395
686
179
5
234
402
494
760
165
668
629
44
472
230
589
433
752
748
59
921
309
68
689
819
61
704
284
804
835
728
401
879
34
931
779
890
867
52
525
401
745
496
770
476
188
541
759
471
108
169
96
963
541
206
490
655
576
29
832
669
655
996
430
602
298
597
265
510
516
408
373
608
38
858
878
792
679
133
947
919
324
930
622
944
553
213
698
41
299
562
698
782
525
638
479
585
219
83
799
444
466
66
298
877
503
225
851
358
659
852
916
875
282
8
625
784
923
259
231
398
47
855
488
445
633
871
481
421
929
429
916
791
931
524
192
634
85
108
303
319
710
88
742
238
870
306
103
534
740
50
416
245
466
171
640
673
846
671
516
79
765
372
669
122
40
310
419
687
718
977
98
681
64
230
358
589
377
812
84
84
543
417
538
109
522
570
485
402
684
699
869
657
799
413
434
528
947
413
784
819
445
986
51
928
830
29
12
394
796
961
687
274
842
75
815
467
656
159
147
755
357
708
87
442
322
487
882
13
796
215
814
497
895
220
369
443
399
65
414
370
37
196
996
33
693
147
689
864
866
222
481
921
392
744
534
169
487
176
289
953
662
88
270
11
519
748
901
776
55
505
774
978
458
793
921
819
382
854
136
767
91
91
843
451
91
230
985
706
280
797
399
738
803
649
982
254
565
375
603
504
791
792
223
870
408
471
964
840
206
8
204
190
227
108
625
194
652
255
5
704
703
505
874
232
71
381
890
342
201
242
147
612
474
901
706
446
9
109
292
826
466
892
912
254
563
606
301
971
907
906
114
241
992
274
688
950
3
752
135
524
281
590
439
816
714
266
735
48
942
215
968
588
432
984
916
804
641
659
780
126
772
722
223
728
277
339
704
849
201
533
992
195
844
759
383
811
301
57
75
875
393
418
656
129
472
127
479
449
501
380
733
714
0
104
442
604
639
484
722
112
95
595
667
85
891
356
801
666
189
956
237
908
305
565
17
209
202
378
533
474
990
417
681
959
768
572
859
725
686
545
504
805
716
645
22
857
608
440
898
645
940
216
347
643
971
46
604
765
837
33
884
869
350
524
570
643
211
586
346
118
133
335
155
626
110
952
829
836
580
164
564
615
31
445
312
801
367
96
775
195
334
570
18
466
674
25
494
95
843
713
474
192
763
852
215
640
460
974
991
499
428
441
658
179
531
232
226
476
254
391
612
563
663
220
15
740
815
601
813
152
837
834
100
960
814
445
559
450
356
187
261
755
705
179
645
504
243
784
385
594
483
359
171
493
728
970
555
385
513
210
687
934
883
611
121
412
675
280
425
282
114
403
287
349
87
749
364
438
583
193
197
274
484
134
421
755
401
124
422
940
96
97
93
811
541
21
819
38
597
607
754
403
288
142
406
289
540
600
802
990
256
347
866
127
694
466
196
978
606
236
43
365
513
867
893
927
169
580
211
819
448
989
355
546
898
392
335
728
235
282
926
519
890
143
375
285
791
980
81
516
167
741
117
287
341
38
198
240
914
940
799
206
597
398
487
832
640
885
268
188
1
500
318
217
463
15
566
819
277
704
323
931
107
984
528
877
372
608
239
930
468
421
568
629
79
770
940
811
693
565
662
406
750
409
826
949
327
910
705
334
779
154
735
894
871
539
359
783
537
609
47
417
43
357
868
197
460
872
144
686
327
457
164
803
243
888
336
442
314
958
909
523
324
749
639
790
175
48
89
509
655
463
245
838
589
753
394
606
345
848
807
857
658
923
527
62
153
700
893
478
228
997
265
690
585
5
720
708
973
717
906
352
225
160
263
620
713
925
69
400
952
334
321
190
505
251
423
4
471
536
613
319
264
842
61
646
570
501
581
851
7
965
245
831
64
206
410
282
443
749
713
100
819
378
142
546
776
168
222
314
294
117
57
317
408
533
176
673
792
161
746
739
775
232
421
614
127
549
191
478
504
920
927
87
704
540
852
29
496
924
275
963
315
951
700
647
108
960
696
184
388
610
648
644
200
187
345
967
908
685
783
66
349
521
391
385
640
833
280
825
623
163
88
151
252
721
488
458
41
983
199
528
756
879
258
578
258
23
30
671
638
739
89
306
481
472
27
601
917
638
12
647
463
220
488
862
265
243
760
718
851
242
433
601
872
657
181
136
654
18
128
447
390
45
47
279
652
283
855
850
392
112
561
858
773
472
80
422
718
473
794
491
530
279
232
853
806
784
330
492
732
986
225
271
865
422
892
120
584
299
913
438
54
544
719
265
983
15
520
25
293
115
953
824
222
340
38
757
355
510
351
84
475
787
878
735
652
891
94
235
84
199
145
413
328
280
45
701
759
290
101
719
615
20
279
562
591
795
678
720
651
453
877
233
271
917
769
711
160
440
398
25
705
963
680
748
139
563
501
462
28
242
169
947
789
695
617
962
754
462
994
11
403
102
887
450
736
18
528
61
147
450
689
81
350
201
63
929
559
976
755
700
732
57
191
356
738
444
322
507
334
904
95
365
341
665
0
660
938
388
782
521
407
903
508
26
799
949
556
431
260
247
243
841
286
965
266
241
912
67
819
277
681
585
725
406
140
9
852
154
127
945
225
465
182
467
632
533
717
41
638
788
957
294
253
283
764
378
299
438
808
991
916
860
456
122
821
349
654
22
124
412
917
759
73
661
897
371
121
566
447
359
981
932
119
289
425
434
753
188
3
476
239
48
486
95
516
867
690
724
507
139
690
84
462
446
857
333
186
612
867
234
752
283
289
166
916
994
245
626
840
534
479
694
662
806
97
202
358
743
335
227
377
302
369
104
941
547
27
120
995
478
395
498
438
564
271
967
717
938
641
211
155
467
305
820
664
812
389
472
18
211
97
842
390
930
921
382
322
886
207
689
572
556
472
62
752
559
929
145
829
503
831
786
120
336
130
619
178
701
973
809
959
971
22
805
158
462
545
131
119
800
691
33
522
655
613
256
930
874
666
357
299
522
580
610
36
424
807
557
836
604
114
78
3
364
316
584
841
853
748
668
572
720
143
797
260
794
321
852
813
472
241
18
124
121
316
144
784
922
520
312
26
23
546
870
931
111
6
647
345
41
177
989
72
348
322
579
980
195
690
29
758
648
894
717
979
42
256
152
67
473
174
330
242
564
445
445
62
907
18
323
516
45
891
590
424
5
437
441
860
316
853
471
427
878
284
32
826
673
123
827
524
44
965
826
661
170
102
147
369
861
493
942
168
547
415
369
434
365
787
89
99
974
701
811
814
796
741
807
3
596
862
322
953
53
534
945
310
637
452
785
241
972
323
365
145
882
953
424
663
290
696
554
29
941
935
755
461
166
895
810
992
615
986
592
847
858
852
544
575
293
925
811
799
854
893
600
530
104
548
368
176
413
372
991
74
566
552
407
829
672
957
936
34
476
88
346
580
421
659
289
713
789
562
578
685
551
619
996
867
47
628
356
203
138
469
47
231
885
134
395
676
884
548
245
773
673
323
53
790
953
543
623
151
89
64
393
691
115
939
830
364
419
716
494
490
375
943
929
645
529
433
337
479
828
820
797
486
356
145
892
768
563
657
2
27
778
522
193
962
62
579
233
464
557
273
439
199
982
942
921
408
667
325
451
328
188
85
889
363
219
715
349
169
183
819
591
766
699
634
877
882
162
707
379
50
286
326
690
64
290
558
185
45
536
391
622
269
346
847
160
310
777
334
32
908
898
498
124
362
644
662
516
94
123
265
532
355
867
9
592
553
22
222
793
627
256
311
153
754
292
660
779
296
860
319
662
774
149
417
788
353
820
175
208
566
532
119
797
543
85
667
351
974
363
838
808
770
34
323
601
537
648
185
384
76
749
513
134
236
609
618
471
805
757
976
838
895
902
604
533
441
874
386
725
877
753
380
704
759
675
514
36
70
884
650
202
338
84
836
874
567
714
398
723
616
42
844
640
614
948
244
163
881
439
198
348
7
994
554
397
225
709
678
115
509
925
779
142
996
789
928
127
119
744
679
416
865
799
848
100
142
121
709
933
375
808
964
655
788
848
769
478
263
81
672
920
920
814
130
333
145
540
845
527
906
173
282
401
328
398
206
5
295
663
721
73
178
515
972
816
853
136
714
499
53
880
399
844
49
730
179
249
117
428
317
414
136
270
220
998
156
343
751
376
13
606
510
692
670
777
918
286
873
894
613
610
32
807
823
291
633
237
880
860
932
579
743
447
324
766
853
24
163
203
259
95
347
77
970
252
57
566
607
959
666
208
184
468
243
771
267
501
528
165
300
878
690
580
756
682
118
46
420
642
239
373
543
302
235
420
535
688
119
52
41
626
383
446
633
465
88
374
95
693
990
841
574
60
270
312
682
973
378
890
464
583
656
865
981
797
321
819
244
527
934
504
621
124
886
393
500
394
13
855
782
230
78
60
239
915
614
83
966
7
637
512
852
563
307
81
117
215
919
713
148
379
288
492
829
895
789
640
506
626
355
802
235
208
474
454
906
654
546
111
661
621
550
701
939
877
296
667
142
193
13
70
103
738
85
793
681
613
272
322
20
17
403
685
971
440
733
921
51
239
632
730
680
95
974
125
129
169
842
253
557
332
452
595
914
948
213
63
214
189
506
199
188
135
360
583
939
634
767
665
132
725
256
239
151
41
715
327
549
543
596
3
659
435
871
340
534
939
766
555
187
82
689
348
705
669
295
476
756
409
499
507
22
728
629
892
383
485
868
374
683
311
409
302
662
3
362
236
186
275
669
921
615
494
429
810
634
693
889
16
801
786
293
906
848
40
334
256
848
864
330
176
472
672
771
47
535
105
977
13
699
638
325
713
225
347
576
577
563
723
447
528
498
671
822
964
253
767
131
300
349
283
642
943
155
229
207
737
253
960
516
494
79
895
722
123
587
892
144
475
940
149
237
95
305
671
608
842
13
531
859
28
537
725
558
294
724
444
255
475
529
685
277
416
552
448
600
152
925
814
739
446
109
809
59
504
760
268
913
324
578
686
815
754
543
666
161
409
349
379
872
313
765
844
892
948
457
939
91
456
249
221
29
103
355
756
224
612
982
896
73
724
55
862
275
842
285
784
762
444
106
264
604
20
125
881
68
906
841
791
271
535
701
648
254
260
961
965
879
100
755
237
313
467
580
213
293
342
139
397
804
353
552
297
884
5
412
632
6
861
407
798
175
26
307
38
216
584
6
546
557
679
200
504
460
651
142
863
883
285
698
369
647
412
411
354
856
509
601
770
538
226
369
765
204
982
11
747
314
867
861
210
102
901
49
904
340
559
477
980
519
529
590
511
337
786
769
70
230
982
240
28
899
617
138
619
86
139
595
757
552
80
384
809
873
620
198
422
224
248
679
763
377
919
236
551
461
705
650
783
543
542
294
902
970
962
785
658
780
944
199
701
252
906
15
62
796
7
14
269
129
860
312
724
888
825
276
821
462
840
341
519
400
154
300
905
197
928
250
470
605
493
544
210
943
294
294
64
726
863
738
779
545
995
438
683
136
77
709
399
169
167
602
102
97
70
86
432
385
936
134
768
432
713
82
835
261
588
860
20
508
594
462
240
527
80
358
165
858
442
980
663
76
824
669
527
956
62
670
955
472
498
331
760
510
349
864
524
763
768
956
303
585
553
870
818
8
401
978
965
14
352
240
841
194
186
827
708
861
893
120
715
999
776
935
295
884
51
464
360
402
727
536
637
116
479
372
542
805
41
937
274
195
254
116
474
836
741
530
217
545
856
543
710
106
505
20
987
322
772
812
266
164
558
921
579
522
485
61
539
260
158
566
469
987
217
701
64
898
742
490
935
97
332
569
248
35
731
3
419
38
557
670
722
18
802
71
415
124
369
549
516
325
502
288
300
728
449
83
517
483
547
0
290
516
610
470
987
753
768
409
486
975
531
390
970
29
247
620
651
5
389
165
982
90
696
506
72
516
618
935
695
466
240
87
797
625
752
817
764
940
933
901
942
915
950
216
279
126
967
661
657
906
154
579
305
120
731
481
58
476
358
152
974
474
397
818
438
947
996
591
977
316
79
470
462
347
320
50
151
940
956
815
129
662
370
457
999
53
332
210
386
815
579
475
874
993
303
371
665
848
104
565
289
800
160
53
314
395
713
887
247
112
640
763
254
67
262
383
400
500
878
421
255
509
798
804
35
166
728
345
926
116
191
136
306
946
527
291
598
281
767
549
708
830
821
582
556
20
655
396
706
397
759
157
682
617
213
255
474
930
487
839
776
220
995
814
930
370
493
861
960
558
106
583
649
801
518
513
209
538
224
519
384
855
395
805
84
339
819
346
472
309
747
79
906
535
560
905
204
86
671
621
559
846
660
79
757
391
474
620
74
656
855
21
188
183
385
748
709
453
441
675
917
627
584
404
175
681
890
24
671
319
909
609
640
290
143
610
819
562
350
877
588
912
436
376
242
409
926
24
780
674
318
305
143
204
85
834
593
552
639
971
919
645
101
501
5
570
209
255
959
130
164
362
781
663
795
31
281
999
530
472
996
619
625
744
123
844
889
939
875
905
489
778
690
771
667
348
763
101
635
364
872
476
636
792
376
906
172
730
67
834
682
894
616
197
687
453
748
111
384
292
401
621
653
54
883
933
557
129
976
367
95
584
621
233
999
480
892
725
404
853
135
6
878
397
353
421
865
779
615
126
133
105
268
489
14
732
415
767
803
528
112
304
457
878
227
466
709
779
724
257
848
641
302
901
53
16
275
411
618
286
871
525
831
65
647
511
470
858
119
317
22
719
782
617
318
76
121
232
452
51
355
918
668
91
655
104
461
434
331
130
241
321
553
242
611
970
785
91
151
875
294
892
884
898
72
970
311
773
398
328
658
864
811
694
790
190
301
200
136
905
794
877
441
753
154
885
289
373
583
696
528
33
776
657
12
940
881
373
39
731
560
357
299
389
978
486
412
744
930
916
799
868
973
31
678
257
953
463
719
806
243
791
889
814
598
244
732
472
985
581
323
114
239
908
250
94
257
259
629
486
293
763
897
183
92
792
587
108
505
871
974
717
623
923
385
0
241
912
922
833
659
646
202
147
562
954
578
287
933
89
867
358
6
751
475
127
454
491
508
416
342
676
871
839
910
993
791
503
121
654
975
434
4
269
432
379
126
355
32
764
400
961
983
231
539
744
889
88
301
576
868
84
247
874
502
470
611
287
552
166
34
498
245
436
298
133
446
609
167
19
564
620
837
525
137
847
697
573
735
559
726
763
812
203
330
210
908
879
622
792
107
166
397
219
847
406
89
965
331
613
628
25
678
96
904
747
542
138
182
243
263
607
191
265
551
331
577
507
408
222
23
444
688
964
857
681
468
273
334
644
624
512
191
771
472
119
640
592
543
974
322
758
107
215
623
740
957
276
747
271
984
997
649
314
589
794
26
960
61
966
994
87
297
302
783
624
658
760
784
629
929
768
852
376
279
967
569
844
15
588
804
360
981
514
989
758
132
343
94
19
32
67
15
586
643
819
377
838
875
567
559
679
239
843
314
259
601
618
727
500
148
249
432
1
287
50
692
929
175
60
847
317
67
846
551
635
109
816
917
146
482
703
20
705
10
78
583
333
708
905
158
70
127
546
337
841
827
32
438
909
32
185
555
841
584
626
238
869
564
799
265
196
102
472
372
452
291
143
385
562
253
387
665
51
612
568
335
739
376
675
230
130
425
371
723
701
890
905
19
100
871
827
274
203
82
312
22
705
29
201
71
504
796
220
515
464
684
345
166
832
815
335
695
821
465
854
712
523
649
354
679
318
348
972
76
967
336
689
387
368
711
503
909
505
236
395
79
873
417
950
848
840
624
925
522
588
214
831
144
298
11
90
803
153
602
662
709
64
983
296
425
950
211
755
640
174
958
811
761
554
125
540
994
182
379
419
366
277
919
385
796
339
18
311
47
51
195
696
26
420
331
277
308
488
679
611
46
527
455
564
742
101
728
431
390
401
820
912
952
808
982
114
626
802
542
745
72
310
179
118
58
413
499
415
399
323
508
938
796
470
673
463
163
816
741
539
771
760
546
932
725
610
455
947
267
943
150
716
768
465
690
811
818
384
532
328
401
869
143
270
861
902
126
735
83
216
767
884
49
187
617
582
127
282
883
971
169
351
605
483
545
175
247
425
199
217
20
751
74
496
312
617
178
570
380
965
61
982
834
987
936
240
630
342
167
134
410
537
969
634
885
616
661
987
277
249
261
502
534
249
18
139
619
809
693
1
692
739
962
53
827
711
345
863
918
361
455
962
572
88
54
983
225
933
819
941
790
851
988
851
22
699
127
719
310
563
441
877
992
342
223
256
286
792
912
129
307
273
216
79
417
91
985
1
893
449
56
474
963
848
762
90
858
901
793
517
594
978
847
501
719
615
283
55
332
75
597
403
766
279
271
432
217
419
60
301
422
624
812
116
462
447
266
957
314
376
9
114
967
670
233
147
174
112
675
962
400
325
754
759
48
241
68
136
270
408
796
833
876
347
334
184
72
314
246
663
686
315
553
599
325
713
710
511
996
734
633
178
537
195
92
211
654
343
550
934
894
574
193
780
866
35
633
569
366
813
862
774
287
874
140
520
396
47
443
51
568
597
528
91
823
675
496
893
14
926
611
577
901
80
143
298
421
917
597
215
364
689
936
478
812
131
558
310
811
328
571
762
844
447
711
864
272
852
42
108
914
555
820
290
92
390
750
752
709
104
91
438
950
396
907
177
673
123
204
775
279
943
852
531
89
499
927
797
878
182
143
121
662
390
207
541
372
408
89
328
94
65
477
74
334
861
621
718
444
278
746
727
869
89
675
304
498
756
616
69
519
635
839
468
296
657
614
261
230
157
489
548
219
644
458
103
310
409
456
783
220
444
7
968
554
102
768
618
563
632
640
260
87
143
622
557
326
67
257
595
315
565
106
776
583
787
758
301
295
372
989
719
503
903
895
793
652
567
793
934
376
272
475
422
381
947
992
162
89
933
78
462
920
184
111
679
258
517
606
129
899
417
639
560
776
436
692
922
229
481
39
375
109
613
646
572
181
471
791
726
711
535
660
131
26
326
299
578
208
957
748
419
610
164
895
316
663
426
325
403
790
116
992
380
826
471
853
402
418
507
462
307
774
565
163
373
981
27
981
814
198
467
618
124
27
7
338
362
744
941
311
790
112
367
630
845
588
956
637
677
328
980
732
794
996
103
236
599
259
257
804
500
251
793
867
623
141
775
344
654
669
583
724
97
421
579
238
979
140
989
610
448
167
937
950
335
422
982
466
65
170
209
28
514
362
472
267
376
98
253
383
999
793
190
168
841
702
528
536
113
834
163
867
650
116
190
833
676
428
549
512
478
71
610
899
180
669
125
145
875
617
907
732
638
63
726
301
184
559
842
875
667
414
898
714
158
229
671
599
17
487
45
790
903
669
450
361
679
950
195
795
422
233
262
229
815
541
642
926
140
148
611
976
6
902
10
89
592
924
41
760
210
208
532
531
884
359
157
350
224
735
784
265
800
982
774
363
710
142
421
47
70
711
277
777
823
873
219
793
106
239
10
793
104
983
663
119
114
846
863
124
910
898
484
694
321
148
418
400
70
983
807
997
842
190
284
775
529
13
946
900
879
133
976
470
784
193
497
46
68
380
228
268
412
78
649
894
427
115
886
557
345
684
258
497
230
443
881
365
524
621
380
503
409
668
552
385
636
56
204
227
907
465
88
27
276
167
398
929
544
555
691
520
2
664
987
136
343
647
59
138
494
533
677
975
664
815
639
979
903
219
236
0
34
483
102
881
801
42
230
118
55
476
35
48
942
772
659
700
658
773
849
783
41
309
496
384
682
207
268
856
129
41
249
237
93
234
808
473
792
282
785
952
485
778
886
112
684
491
716
160
47
998
742
169
829
605
302
57
139
420
935
881
9
598
264
468
857
698
474
235
159
503
269
513
949
511
611
834
331
160
830
412
629
748
918
564
261
434
233
103
926
735
958
892
990
598
303
384
282
702
808
238
174
943
541
959
345
998
801
33
629
141
744
315
163
918
188
554
722
765
552
21
885
4
142
177
754
11
260
109
988
859
512
268
983
558
2
290
935
413
971
573
86
971
326
768
968
65
895
212
878
904
755
181
612
331
533
422
193
827
344
728
804
520
925
79
129
102
1
957
147
264
490
424
59
795
593
126
306
330
941
515
280
933
211
64
849
622
942
70
187
730
99
354
564
583
177
756
933
692
724
195
316
298
926
323
545
532
219
494
704
317
760
699
669
393
574
490
943
514
713
646
803
604
849
337
563
316
232
508
80
164
404
880
190
727
147
332
110
336
514
327
588
311
571
181
950
315
209
67
865
841
76
407
233
86
80
569
466
480
326
405
312
688
903
475
989
185
140
452
193
125
801
402
57
872
315
397
723
703
557
969
711
159
506
626
673
671
56
572
765
759
423
791
170
608
829
349
664
410
41
176
566
336
527
736
702
567
602
238
485
88
75
228
33
425
226
593
914
188
517
456
776
525
114
727
182
685
107
213
438
581
516
846
216
538
454
668
527
424
374
500
967
116
260
632
309
458
473
906
710
965
14
512
860
284
981
520
45
252
867
435
735
29
722
284
789
281
880
652
583
756
926
965
237
31
470
336
466
173
964
694
762
83
553
613
55
480
945
256
126
210
34
69
4
908
216
188
735
784
707
913
474
823
13
322
674
811
730
733
961
567
537
435
857
621
384
17
473
773
615
823
272
483
93
361
949
104
53
492
548
896
363
592
21
25
235
248
271
600
128
342
942
610
234
436
749
295
889
904
310
362
288
206
203
53
533
845
417
623
220
559
923
672
307
698
569
128
919
855
293
152
457
542
401
136
345
871
181
122
927
918
765
526
907
67
327
132
679
702
352
778
671
495
738
523
752
225
429
384
770
323
78
455
36
288
700
432
523
957
25
717
641
268
34
721
309
42
330
523
292
550
39
965
385
252
283
435
107
445
60
488
456
619
260
529
799
951
34
949
208
968
171
642
942
529
988
14
277
461
556
809
800
297
130
327
859
336
309
377
623
453
213
238
212
620
881
822
252
329
719
734
53
846
394
235
920
344
823
768
305
69
312
311
258
880
503
134
476
577
35
349
854
554
643
744
982
209
822
688
2
78
667
178
504
62
154
400
388
77
926
810
504
789
210
215
117
839
7
327
900
354
177
587
790
730
641
820
203
231
805
447
436
482
935
215
297
200
517
125
525
26
43
988
625
126
845
303
613
157
837
679
260
633
367
187
258
870
37
138
799
415
908
197
389
109
360
356
850
234
252
925
334
732
90
336
583
880
581
26
58
897
53
597
758
682
81
180
572
939
46
7
493
712
612
749
496
669
619
871
505
53
705
932
957
670
825
234
901
804
651
904
496
474
971
383
61
239
943
619
992
556
769
861
506
138
806
814
212
223
720
664
533
987
378
406
232
48
987
351
291
746
321
943
495
938
976
88
51
971
307
776
685
889
554
532
925
889
181
669
753
145
211
273
495
739
820
793
349
632
838
212
479
740
174
2
471
829
923
216
667
217
591
394
383
267
421
458
635
39
380
123
685
905
185
600
922
190
295
840
118
362
398
698
347
299
160
19
121
313
429
675
690
3
517
843
176
168
624
882
960
951
859
966
413
590
10
620
518
175
870
254
136
485
532
380
545
342
526
718
187
589
80
454
501
654
912
51
290
962
395
577
3
514
86
299
930
167
691
759
112
405
753
110
793
62
198
524
63
337
860
888
492
283
446
230
727
428
853
294
333
822
50
862
374
493
747
145
170
651
501
235
499
534
985
239
724
517
151
26
379
436
212
909
882
894
463
380
823
350
892
646
186
110
300
893
689
882
546
872
363
17
642
524
144
363
187
713
76
969
869
222
67
426
912
191
872
122
913
20
2
808
619
439
163
597
145
573
997
410
46
917
750
786
828
845
191
617
996
847
712
485
956
75
506
260
690
516
708
698
958
951
482
512
370
997
802
183
696
363
193
35
178
976
237
671
222
536
929
406
66
319
692
862
729
185
6
157
107
237
114
729
352
653
216
707
214
396
590
258
42
916
273
483
939
185
123
51
510
697
171
338
750
975
395
534
568
327
316
837
0
487
479
501
451
955
455
428
36
143
205
675
58
110
463
272
610
11
266
618
64
125
45
391
352
276
778
507
166
656
309
628
118
624
747
999
785
179
871
689
985
369
753
479
706
533
480
721
966
588
961
321
787
866
941
373
707
477
80
67
613
299
219
78
645
401
320
532
879
742
951
847
348
769
114
125
746
691
685
338
785
577
242
740
244
924
412
434
737
776
175
186
143
324
735
610
80
389
811
506
778
14
9
465
775
291
899
203
441
929
271
732
750
225
886
584
515
947
892
94
841
516
404
191
815
947
24
286
207
430
497
866
275
847
161
150
10
753
875
66
402
399
647
478
284
993
881
545
857
298
705
566
863
33
246
354
886
740
485
314
686
372
77
324
116
15
609
651
339
271
35
528
987
811
778
123
652
883
287
136
673
260
742
513
905
902
198
254
723
437
517
413
383
40
555
19
32
967
517
133
428
298
257
556
203
95
973
807
25
935
374
785
218
810
942
365
26
844
920
673
15
961
150
857
847
933
867
477
80
890
436
69
450
237
137
639
368
936
217
283
63
783
180
224
812
242
779
918
842
391
900
686
816
188
743
976
252
164
624
223
226
35
383
688
751
189
399
366
806
167
625
396
553
963
166
956
709
686
153
539
67
855
808
642
457
488
70
970
333
37
174
281
896
146
757
342
539
390
698
485
255
798
701
875
929
612
642
340
496
929
634
165
467
685
873
28
491
31
419
768
12
348
400
196
442
389
358
575
103
773
510
817
315
169
141
749
593
125
362
323
156
503
46
756
209
345
594
896
426
658
848
954
939
164
481
156
251
665
635
136
298
29
903
366
673
315
493
595
1
178
520
125
413
506
766
150
558
864
615
132
346
954
830
440
475
196
528
907
362
419
930
494
392
368
760
274
272
128
352
223
835
119
586
359
622
961
756
698
424
473
874
509
757
355
318
836
629
820
216
697
207
547
392
264
261
603
282
259
211
289
526
897
13
647
766
852
686
72
59
817
429
402
118
580
905
449
456
99
478
376
945
625
890
343
471
303
265
223
664
530
885
516
173
942
662
804
549
609
313
561
999
947
775
505
302
301
496
256
923
639
535
989
945
455
865
292
350
356
902
308
622
625
854
768
16
692
629
828
824
930
698
968
126
176
15
423
190
194
437
983
198
507
491
425
129
370
887
71
6
363
845
714
92
38
187
542
723
736
363
827
762
986
227
900
264
557
859
193
905
517
116
183
466
193
890
3
949
277
425
367
816
107
727
598
724
144
84
8
699
504
679
818
160
734
149
80
7
987
783
950
32
357
638
176
920
558
209
860
179
906
867
574
541
10
829
98
868
477
541
70
135
168
230
657
416
429
960
131
868
614
308
111
220
462
981
143
845
551
24
428
921
181
664
329
474
25
936
676
501
698
281
547
556
692
416
828
663
256
881
88
780
605
137
415
317
660
331
996
852
216
828
4
183
646
993
103
183
208
557
101
94
150
208
557
610
849
15
492
888
11
214
655
73
463
929
186
723
65
496
228
684
316
732
250
573
123
330
318
207
883
960
761
666
743
295
889
116
980
128
859
41
581
939
134
146
271
172
898
798
567
736
663
37
269
270
904
86
904
160
345
437
611
369
949
460
960
283
259
886
712
55
953
962
677
930
848
776
287
434
713
191
229
21
637
912
486
706
272
814
393
386
482
499
682
713
862
473
997
989
663
599
606
351
287
556
602
444
540
843
974
963
661
805
196
792
189
948
36
85
555
161
800
630
262
998
447
457
11
684
915
552
418
806
558
690
275
44
101
43
863
106
141
242
255
643
346
483
47
964
152
958
368
230
241
691
844
484
629
613
224
221
713
148
685
460
235
822
236
448
249
854
577
347
235
265
576
712
290
382
288
467
121
472
833
199
655
613
960
505
714
230
101
891
921
57
402
162
585
227
787
412
739
129
917
135
90
241
53
305
360
846
45
747
289
783
180
932
434
120
893
637
984
930
806
225
289
426
837
751
778
173
255
735
400
617
806
622
337
353
508
153
136
421
719
553
353
857
577
900
663
567
79
339
423
525
863
482
266
777
533
975
235
206
486
855
796
166
968
678
57
215
609
266
112
7
271
944
196
860
870
333
116
380
362
889
946
909
821
316
214
292
980
159
527
720
278
840
1
709
107
389
278
413
113
679
807
13
54
942
644
693
917
857
213
691
994
181
915
880
976
362
46
353
194
22
609
601
64
41
605
506
685
581
913
26
187
457
741
781
343
93
992
431
116
669
363
434
657
820
965
581
974
942
33
933
110
491
154
316
570
746
952
738
740
679
220
608
225
625
995
213
31
841
270
57
971
64
786
111
274
256
117
831
557
639
686
936
110
705
526
469
541
752
79
90
329
724
338
32
208
312
332
399
125
271
451
425
819
831
213
788
795
329
998
489
947
850
683
973
313
237
11
504
736
125
867
322
632
645
648
852
749
771
931
297
292
649
944
976
906
706
648
659
465
661
196
862
878
306
805
863
905
42
822
2
380
694
739
317
795
982
979
757
711
730
631
15
781
540
694
105
698
428
955
743
768
599
78
110
450
886
635
642
140
274
56
839
98
249
387
238
890
821
450
110
915
850
346
491
169
166
125
887
342
329
256
850
370
73
993
569
786
936
741
878
870
344
859
20
732
639
381
129
566
962
848
783
661
998
423
614
864
378
51
316
832
370
743
945
89
866
432
179
853
35
364
954
280
908
81
135
438
115
745
823
688
230
736
118
907
570
382
285
314
54
881
217
785
724
908
462
809
850
936
597
3
595
572
769
184
601
171
218
860
680
612
21
584
855
898
450
45
608
480
659
49
182
387
352
506
62
147
112
170
226
11
940
376
42
143
979
347
282
677
210
450
528
824
233
432
802
698
339
835
954
955
67
702
512
993
517
691
430
502
960
235
841
178
389
893
742
121
412
317
482
397
172
499
593
847
341
393
610
234
131
559
948
229
601
475
113
279
378
583
617
113
392
543
382
374
731
302
157
2
47
617
425
861
862
943
406
658
315
79
550
902
647
160
396
503
541
404
942
161
787
622
855
130
251
277
561
619
22
439
833
888
376
94
636
662
732
146
831
209
255
836
419
427
140
109
484
374
388
625
414
782
596
538
644
260
829
425
35
780
255
164
655
483
602
744
682
674
330
580
761
756
96
634
240
700
2
359
760
588
9
410
57
12
573
783
311
360
153
262
278
571
283
23
414
576
23
549
403
551
400
873
374
546
884
30
858
76
866
592
448
133
840
305
240
241
664
411
925
237
124
394
926
617
13
723
982
146
659
830
95
585
33
68
793
186
177
515
214
570
984
418
445
461
975
85
363
303
672
514
932
729
660
598
492
879
623
930
260
862
242
952
594
140
127
744
110
978
673
734
41
940
842
3
402
971
607
357
126
667
510
257
966
609
371
482
11
626
745
156
380
428
239
340
411
327
269
226
233
398
744
949
291
217
763
332
533
213
817
907
376
270
658
17
5
171
560
178
64
479
416
146
292
738
311
794
782
630
783
990
89
491
655
282
928
825
242
250
553
970
204
882
599
654
381
903
793
322
674
258
682
430
934
695
18
422
146
479
199
815
399
886
951
221
674
703
127
570
182
573
972
876
925
370
840
734
28
41
914
366
399
766
460
970
383
96
141
323
175
687
707
295
42
657
557
944
221
722
162
526
163
533
644
7
122
431
910
128
190
888
658
549
77
746
794
313
282
644
150
16
896
242
437
275
402
358
468
897
79
949
891
988
755
658
81
546
925
979
544
588
154
889
190
420
556
271
14
858
646
993
380
208
270
894
898
930
353
530
447
608
376
940
541
224
56
345
277
70
324
747
693
390
169
42
335
392
187
896
318
435
51
255
380
283
520
412
611
705
98
743
549
219
654
674
138
10
97
753
813
397
210
426
11
784
56
799
248
30
120
351
603
784
432
167
128
120
482
21
471
491
239
667
248
129
755
779
374
959
450
600
544
5
812
169
541
614
989
767
97
75
457
919
535
202
467
961
475
604
765
173
930
386
461
340
307
83
71
137
473
402
527
573
610
391
59
212
817
849
542
231
443
84
557
123
910
654
387
544
430
656
415
641
988
111
134
519
97
494
856
769
943
561
289
269
472
595
145
232
670
958
157
529
54
971
687
723
591
672
376
268
942
504
901
335
880
328
555
604
73
941
834
380
323
986
739
277
854
484
754
67
430
515
612
231
308
785
914
792
912
932
109
782
570
363
121
194
713
716
275
652
851
65
866
886
917
656
662
414
99
930
63
227
53
72
719
895
880
3
680
921
452
780
810
678
501
971
945
67
477
763
609
859
629
417
954
239
260
368
391
535
574
753
472
721
252
223
782
143
243
694
79
104
286
831
696
941
448
621
902
243
436
422
599
63
309
474
708
344
813
194
433
138
30
283
615
34
627
691
879
757
727
170
931
157
360
525
710
551
731
39
402
403
729
420
675
733
875
457
170
217
622
290
239
181
480
138
66
878
994
79
4
604
482
759
571
413
658
359
784
347
93
513
427
487
372
127
238
396
847
194
596
360
173
193
749
446
887
158
745
78
877
794
829
505
615
742
942
775
737
710
166
611
162
26
944
464
980
172
926
914
357
661
609
563
59
739
91
684
332
528
982
483
325
714
967
845
218
674
143
572
993
880
489
79
381
904
537
390
376
624
871
337
987
7
988
395
293
747
560
158
835
374
977
750
211
474
956
396
466
103
74
113
913
523
348
96
663
107
427
424
695
328
769
526
240
87
628
279
811
575
575
545
500
186
558
178
802
755
720
341
716
756
243
479
992
205
175
291
31
687
448
550
341
244
864
388
910
757
573
895
373
860
764
518
457
686
49
787
746
925
751
262
813
564
426
19
906
329
362
646
152
637
28
590
889
879
414
157
837
719
606
638
825
177
207
20
39
404
744
369
908
792
828
799
291
316
191
809
462
101
253
42
274
994
626
280
734
564
402
541
142
548
749
36
514
472
995
742
648
728
348
122
421
718
458
399
424
76
319
524
989
764
795
981
515
316
248
690
747
457
545
756
790
220
291
217
616
405
746
390
168
126
656
90
952
613
192
906
232
770
741
385
538
2
415
512
183
707
196
688
811
428
344
243
451
956
754
916
816
88
653
269
489
572
275
553
232
848
735
33
104
761
109
747
765
882
212
876
596
489
905
119
558
419
91
251
568
351
587
563
59
443
291
675
450
103
523
594
32
780
611
394
396
689
352
776
515
726
624
600
7
229
102
92
619
171
984
535
847
561
577
121
988
332
307
104
743
709
97
410
842
541
114
335
4
620
359
958
118
155
819
671
383
501
9
167
596
99
559
126
65
563
2
851
535
507
2
268
748
742
297
421
855
728
662
337
591
455
428
752
459
450
382
193
746
533
444
863
91
251
246
404
528
687
424
934
926
455
924
283
184
615
135
21
502
663
234
221
679
378
1
871
774
553
449
641
568
873
368
590
23
890
693
79
83
395
222
558
422
780
561
731
790
906
467
21
714
403
880
374
563
664
263
763
648
338
55
136
348
956
171
420
576
447
38
958
157
649
745
331
50
552
130
186
110
205
343
875
482
717
143
922
355
165
178
740
365
953
413
794
633
458
132
193
891
977
903
538
164
142
541
623
536
640
193
847
139
143
125
677
933
156
834
198
190
356
842
157
87
692
889
169
745
21
656
824
198
978
764
485
448
916
175
25
474
651
286
209
312
849
812
950
794
373
265
729
846
818
44
543
708
768
571
269
105
500
660
228
957
938
752
534
138
938
213
914
989
420
285
754
519
665
210
11
979
318
311
40
688
73
538
720
306
975
485
303
864
470
51
992
364
335
151
752
340
260
869
93
455
366
221
666
670
774
99
590
490
736
223
874
375
950
878
466
877
523
825
466
116
152
579
111
560
746
410
946
978
309
486
659
559
430
758
245
121
253
853
589
587
564
430
239
3
911
622
189
965
890
375
620
702
213
72
922
489
788
343
158
158
151
637
221
859
135
470
607
419
580
698
243
677
806
635
55
778
258
119
247
740
76
220
629
157
201
644
411
357
880
986
555
540
565
809
719
873
779
943
317
186
525
654
74
322
617
467
349
440
765
337
751
777
380
488
255
8
701
513
886
109
818
821
167
341
486
46
276
398
556
299
422
866
160
282
674
436
80
64
302
961
366
179
465
693
847
78
113
265
58
266
291
765
693
10
673
416
347
888
491
553
171
560
324
662
846
193
511
443
326
228
14
678
284
196
847
450
871
601
73
626
572
956
468
744
894
340
883
84
515
350
391
256
325
46
404
607
856
305
397
758
960
459
547
298
87
326
336
641
38
641
457
725
830
633
725
653
785
266
44
277
924
284
232
658
322
839
180
593
741
508
792
279
776
429
960
673
513
585
515
756
835
475
466
45
950
724
964
57
128
650
940
425
870
926
221
953
164
704
832
536
316
160
301
923
116
761
843
356
552
352
218
576
927
930
579
667
914
788
481
469
585
205
930
608
845
648
333
343
255
539
987
274
4
366
408
868
985
796
897
438
366
22
790
770
539
961
466
577
954
192
864
245
59
381
331
201
676
49
117
144
785
876
253
514
206
351
124
24
378
10
28
627
615
122
825
787
640
441
129
641
356
905
392
214
967
865
862
263
867
832
265
224
213
900
660
663
677
113
949
946
495
309
860
293
969
102
716
649
176
540
64
430
214
440
498
231
53
304
764
375
949
627
519
582
91
358
569
520
352
565
339
579
482
5
15
64
800
723
958
68
85
971
555
38
921
698
444
972
502
175
437
579
485
720
725
88
890
678
886
256
817
340
993
915
774
687
516
246
207
240
992
855
512
893
619
863
111
142
706
242
749
937
438
548
184
251
673
785
761
369
560
649
624
981
834
966
416
495
11
15
115
430
311
43
540
922
408
886
723
51
633
487
992
387
704
351
620
556
692
208
12
902
422
456
485
162
130
93
273
667
663
768
566
153
518
958
946
270
43
918
683
242
12
816
746
913
862
390
407
251
351
510
601
937
217
847
264
489
459
813
170
229
309
773
473
329
648
688
830
600
795
438
332
79
254
88
864
867
603
814
797
564
619
900
491
790
334
507
800
985
428
393
751
4
43
555
993
600
477
500
877
454
446
483
507
263
289
838
678
987
164
646
490
783
189
223
561
100
258
448
307
205
441
479
292
832
562
97
973
745
193
771
779
849
180
298
176
741
859
535
878
509
658
557
490
199
609
85
705
547
877
581
578
104
645
60
983
222
886
143
582
205
141
496
87
352
592
251
76
778
186
173
240
135
736
834
348
783
817
834
517
926
779
197
631
80
155
634
57
908
123
823
312
139
251
44
658
554
498
213
65
881
745
69
22
472
519
239
896
827
49
291
876
455
466
482
563
461
783
358
144
848
883
99
322
222
377
702
326
757
179
786
900
471
196
536
682
363
888
616
146
613
623
343
406
633
852
525
158
536
372
211
897
436
494
614
150
534
550
334
569
961
942
600
217
548
342
171
359
565
689
164
578
786
204
146
805
331
659
550
726
103
557
158
647
838
892
430
840
890
755
138
600
70
986
628
474
837
905
107
681
427
641
416
522
579
303
539
507
446
367
762
648
862
454
725
922
748
322
666
341
710
261
360
850
355
248
996
186
752
434
105
987
891
89
326
202
247
920
888
826
548
689
296
74
655
301
843
911
998
302
11
916
906
692
612
168
48
883
885
825
59
772
871
660
882
925
757
762
310
432
579
734
323
954
378
460
241
386
65
920
37
967
363
670
712
933
237
954
90
678
591
718
297
934
736
286
907
156
462
461
212
999
499
143
320
817
807
659
794
975
873
315
457
6
892
429
132
31
361
955
879
308
864
927
131
123
373
99
911
413
893
540
877
603
99
673
620
744
563
237
35
993
901
48
363
421
775
655
48
329
112
