823
991
250
700
815
719
544
278
909
399
135
206
828
936
507
569
356
272
623
598
431
340
756
943
458
705
724
735
260
752
330
600
490
716
116
87
392
305
99
338
363
393
905
851
194
187
672
392
46
186
7
143
419
396
135
562
906
587
922
968
38
936
587
190
743
11
907
45
160
600
480
67
85
646
754
625
346
435
701
949
887
614
853
5
351
361
808
153
566
689
175
996
164
376
635
233
639
110
617
744
306
147
942
667
745
712
753
676
988
150
632
906
581
877
6
344
332
670
59
426
411
332
742
541
726
523
812
471
221
993
197
4
8
792
576
357
177
293
428
977
409
792
407
504
380
503
133
296
824
792
385
136
674
821
355
561
632
78
368
259
569
472
863
701
158
815
561
185
606
59
100
7
519
253
669
847
368
866
585
456
810
106
195
680
898
275
312
750
550
712
397
47
5
190
52
704
131
774
912
296
767
78
122
726
468
369
487
724
819
272
372
13
491
738
578
355
969
260
842
848
226
148
126
681
888
135
192
12
414
291
608
292
317
127
302
208
350
126
616
303
34
206
567
467
87
441
341
168
249
70
737
449
804
754
7
927
487
162
143
354
590
640
884
738
868
601
304
203
85
46
261
226
2
187
92
628
705
655
611
900
245
597
420
175
86
443
630
17
876
569
729
42
464
539
991
842
912
903
591
177
464
149
879
495
589
484
71
490
133
580
917
315
856
365
321
354
313
683
73
415
842
323
218
691
468
784
670
26
238
746
529
860
520
691
645
90
411
638
57
704
851
128
499
514
491
837
112
494
863
302
139
733
422
665
908
15
767
326
314
176
108
407
184
271
704
577
380
664
426
912
895
207
172
271
484
777
944
819
750
11
780
905
130
538
341
428
207
629
201
186
406
339
519
744
578
491
577
236
99
309
378
227
606
405
597
225
131
611
419
541
781
654
391
58
508
704
150
780
347
364
978
481
541
633
481
257
842
664
29
298
863
711
553
62
344
473
347
623
145
287
918
642
399
976
119
368
697
138
595
769
274
641
717
89
962
545
205
403
810
59
669
137
945
729
353
497
483
242
526
456
221
137
221
989
590
262
509
469
815
414
857
978
685
646
849
218
293
87
104
988
234
64
789
997
210
747
311
376
199
450
693
544
754
193
573
497
497
500
487
691
230
12
912
362
71
216
83
230
635
238
408
23
869
18
342
75
405
264
438
86
34
988
689
265
728
876
3
724
371
653
526
60
273
395
125
849
324
122
374
9
868
616
211
967
49
831
509
165
673
296
270
859
447
269
78
764
286
667
941
224
119
136
158
826
206
66
636
26
213
265
728
619
592
434
911
73
483
146
421
383
603
77
909
587
761
478
231
739
280
988
754
435
216
93
697
333
415
45
45
946
709
369
806
940
251
773
319
906
148
674
409
808
270
867
510
291
301
388
133
224
562
585
953
358
289
534
467
360
252
130
798
973
842
719
425
704
268
333
454
266
264
124
555
40
194
904
921
19
236
838
197
554
381
618
13
895
504
431
854
582
377
95
349
822
847
260
623
361
664
751
609
463
344
967
912
373
852
987
506
950
574
180
901
179
315
150
27
324
985
943
196
776
106
28
384
489
934
682
874
87
854
669
310
874
157
801
304
960
797
591
772
153
228
457
140
397
142
519
970
757
227
148
577
378
794
44
320
582
219
917
544
232
413
153
1
33
288
463
470
557
724
296
499
169
493
941
42
40
806
49
816
824
221
952
675
977
463
478
53
574
517
586
967
427
401
193
180
263
377
910
623
847
884
324
735
968
467
650
346
982
150
774
273
481
513
885
8
721
205
757
279
670
806
669
837
749
658
779
960
675
277
137
809
304
617
961
610
695
775
222
259
38
567
258
755
321
154
335
675
680
249
702
427
459
854
868
536
467
731
671
519
324
14
194
562
615
753
736
762
977
290
701
285
950
391
810
946
682
628
531
851
587
70
125
20
839
929
267
405
115
650
213
699
322
811
376
613
673
156
164
97
864
867
136
801
421
441
578
491
297
322
337
533
492
859
398
794
736
528
120
439
220
400
720
164
375
593
346
769
269
660
504
877
699
413
349
586
913
420
571
958
445
521
107
261
911
58
709
258
633
742
332
439
992
138
338
735
370
665
685
137
210
563
247
93
370
196
240
639
78
632
704
576
79
216
375
81
500
26
584
600
789
805
687
681
396
164
774
938
538
954
564
50
998
80
229
809
371
410
556
15
387
501
506
904
144
91
975
831
351
868
557
557
738
581
787
912
41
754
566
