1
974
622
241
667
5
636
713
76
780
96
89
41
148
387
215
646
534
728
925
618
747
647
887
321
461
850
684
349
848
331
865
399
265
673
491
754
867
889
422
215
368
595
744
606
534
428
925
173
676
33
112
735
1
973
184
684
396
39
996
210
707
723
48
889
754
320
735
815
144
324
707
130
321
7
286
33
73
696
274
899
274
336
736
890
696
124
602
750
634
642
280
210
674
152
201
259
964
734
948
276
456
736
147
49
754
925
590
902
385
822
246
664
846
732
689
734
100
385
771
854
300
890
73
274
679
747
860
471
694
713
372
18
100
35
744
493
789
422
19
96
717
332
381
864
241
386
865
805
626
251
905
18
704
324
173
981
147
689
5
818
76
732
899
456
829
1
353
887
747
120
353
550
667
628
646
512
339
473
636
324
374
564
130
337
24
491
740
120
480
39
831
904
214
927
210
523
673
446
804
911
959
408
787
628
919
749
461
209
41
89
786
89
684
280
445
176
423
996
950
644
824
749
861
831
728
900
440
630
973
5
981
440
754
573
865
658
396
867
673
96
466
353
13
831
927
37
291
381
155
89
60
385
188
96
232
491
764
948
828
890
385
320
291
390
24
276
246
422
805
550
215
617
49
815
687
829
127
94
911
143
272
456
939
335
174
473
550
374
750
276
850
480
865
209
758
736
315
9
422
324
822
829
421
700
152
766
492
950
646
952
210
215
226
750
744
380
814
764
722
1
433
875
915
602
850
296
232
689
915
713
766
47
270
18
732
848
300
922
177
853
846
532
178
918
536
673
321
959
336
860
815
616
440
880
482
534
5
518
385
502
696
491
667
974
828
974
241
550
516
272
53
9
906
673
674
742
504
422
9
321
622
805
959
536
872
147
172
42
689
689
667
728
361
460
651
861
860
925
440
516
673
667
754
473
959
318
766
428
900
906
358
33
764
251
902
78
300
41
42
981
564
948
867
818
940
124
684
324
77
881
381
824
321
713
787
747
41
152
689
167
816
381
564
147
597
387
564
597
539
25
848
390
708
460
734
683
754
704
130
445
473
732
205
562
21
232
689
201
735
100
736
818
18
973
379
18
747
1
979
461
805
564
44
822
456
393
673
959
209
952
390
673
950
276
831
431
480
386
875
722
39
875
842
64
234
1
271
927
779
750
861
654
24
440
178
460
393
805
42
64
296
532
251
442
846
970
927
145
754
679
902
73
660
374
919
24
890
291
865
842
735
19
130
848
64
89
33
981
514
990
900
422
461
654
343
146
514
636
380
324
646
440
849
606
728
850
721
286
732
851
707
702
728
902
335
270
271
1
32
646
799
927
393
226
471
127
142
749
456
592
813
96
21
491
799
96
824
875
754
555
18
532
959
742
251
736
646
19
41
810
9
799
867
861
804
550
679
434
363
296
822
30
722
644
626
728
875
286
558
335
906
374
396
734
232
945
210
679
747
33
637
829
842
974
526
19
422
258
300
812
380
782
4
824
205
264
750
872
53
380
342
959
461
736
480
232
866
120
40
387
324
461
676
674
473
837
766
848
380
728
385
398
120
396
904
805
758
861
138
361
73
919
744
758
918
846
592
473
906
689
704
265
473
5
393
551
96
16
532
676
720
824
380
51
380
634
534
788
128
952
564
290
77
680
141
23
881
52
251
480
974
732
461
122
24
534
450
780
53
837
981
996
461
324
473
26
291
554
906
860
516
616
393
210
996
577
828
163
318
732
616
196
271
900
828
779
722
735
209
700
471
390
770
24
18
682
669
658
846
974
272
837
120
527
39
689
828
758
628
766
799
592
270
723
740
76
94
509
286
276
899
381
646
952
974
602
188
906
271
717
534
647
594
550
789
849
385
442
637
442
818
804
706
702
592
925
667
274
734
274
890
829
569
507
740
335
824
981
94
766
629
550
321
507
735
386
422
393
272
802
747
735
483
581
51
33
270
950
108
952
881
4
210
736
906
557
728
42
296
846
516
927
927
846
534
504
747
451
675
550
147
732
780
872
973
972
679
379
210
385
51
998
77
119
925
24
744
679
94
381
883
122
402
349
280
336
676
532
173
689
124
19
396
637
41
51
532
307
704
423
320
818
872
875
445
591
689
280
799
349
606
422
616
948
704
959
564
201
111
270
759
361
361
24
442
210
53
700
680
320
881
754
674
959
564
155
593
636
744
336
890
358
693
265
274
632
848
534
422
758
648
232
771
875
380
358
816
331
318
363
684
215
194
875
321
58
393
276
473
981
368
696
18
429
564
981
837
704
315
147
40
118
732
742
887
828
818
53
804
96
990
396
686
747
602
554
829
770
461
750
890
439
19
361
76
442
365
380
188
42
689
789
975
713
750
39
899
889
882
911
271
964
155
91
101
676
335
451
140
848
872
850
732
1
280
286
900
471
130
480
815
592
286
952
644
209
758
337
700
280
423
251
842
648
336
541
973
974
732
368
782
100
289
296
973
336
43
387
42
368
478
999
274
216
836
789
867
289
100
867
890
689
332
704
815
902
592
385
749
36
616
689
89
597
335
507
648
679
130
451
679
996
205
386
667
818
713
732
952
381
385
597
927
861
837
445
909
152
387
430
396
188
952
251
374
64
789
380
379
685
602
689
758
215
111
428
96
381
602
679
440
824
554
103
532
979
281
981
764
804
155
776
141
669
376
887
417
723
349
232
952
147
972
536
77
770
616
550
453
931
120
702
646
332
286
387
950
141
89
386
550
481
818
105
368
780
598
626
265
865
532
996
927
644
458
516
64
276
735
846
24
532
981
734
717
1
491
881
154
948
336
380
318
42
735
509
919
1
824
155
296
471
902
270
667
396
740
647
94
700
900
579
948
865
41
686
592
981
736
550
139
927
860
736
861
53
902
846
296
39
368
704
780
838
388
73
127
385
1
232
646
423
321
842
842
637
890
974
935
414
124
889
826
676
846
271
423
291
799
734
730
480
805
919
575
451
717
628
525
890
804
451
422
127
550
899
802
386
867
713
335
77
754
680
770
889
541
736
973
251
704
636
742
317
654
256
829
473
58
750
386
703
722
246
385
155
336
447
764
918
387
829
597
707
918
702
428
215
592
324
353
232
246
201
442
335
336
707
669
21
336
173
954
380
959
829
127
799
349
18
616
210
702
274
906
750
972
124
204
396
320
904
21
846
728
564
736
728
49
848
147
950
251
822
152
390
94
55
89
480
667
324
272
974
654
828
592
320
385
854
713
890
952
543
105
902
532
950
861
387
18
592
380
534
758
837
127
140
581
679
456
49
747
649
850
122
722
541
742
890
440
318
152
881
636
780
764
320
41
656
742
754
648
728
473
824
633
358
73
188
296
155
780
952
698
628
704
251
461
919
850
966
24
550
51
818
805
396
470
700
480
270
740
541
747
368
390
24
707
173
886
210
120
904
210
122
696
42
747
567
19
890
53
473
824
930
636
637
147
492
780
780
758
966
9
147
749
996
385
396
617
73
996
215
122
799
461
728
57
122
606
368
274
24
754
73
209
241
41
654
824
100
24
754
321
349
881
440
964
41
995
780
254
735
616
999
100
314
251
872
680
983
421
120
76
293
122
981
280
265
592
861
597
41
758
145
456
890
648
503
974
860
667
435
318
747
848
713
380
829
532
374
64
867
950
514
201
771
114
742
850
628
519
799
9
750
201
889
460
581
96
602
73
647
428
973
865
300
251
979
728
647
532
981
686
504
818
271
440
174
889
846
460
974
385
828
188
21
728
650
251
899
274
689
679
504
770
387
875
696
704
890
996
473
390
201
981
597
33
689
824
42
254
509
9
597
948
619
460
274
89
602
805
742
122
120
861
902
460
740
224
749
73
199
564
300
1
368
53
67
854
246
461
428
349
24
456
824
636
130
526
948
381
323
473
702
374
848
903
339
700
798
952
276
616
213
120
749
849
428
750
339
53
708
41
676
550
393
735
854
848
332
707
58
750
676
122
964
644
440
305
918
461
207
209
628
647
974
899
700
728
339
948
532
973
701
451
824
509
51
423
134
849
152
818
159
374
890
460
73
979
959
852
766
842
9
735
881
648
647
717
849
251
1
805
959
332
973
33
442
650
210
381
644
96
251
925
606
380
53
21
276
636
152
320
717
829
368
324
361
867
764
744
509
536
94
58
461
182
799
471
251
89
94
952
648
221
380
5
648
867
41
887
422
19
300
276
981
361
146
265
698
385
18
246
828
76
374
53
3
387
188
566
536
265
646
460
382
890
72
854
236
423
902
291
41
824
860
728
396
147
480
646
53
379
736
265
861
654
442
829
314
9
494
887
379
747
184
428
805
732
950
21
127
754
575
58
964
927
289
156
872
76
972
94
1
564
155
636
581
272
265
516
315
676
766
358
815
804
147
96
824
789
500
648
325
455
636
381
860
550
912
265
919
291
209
824
19
900
723
894
274
906
509
828
788
925
542
654
713
282
41
732
744
602
872
303
286
923
744
749
106
380
673
251
860
839
152
887
271
276
338
890
451
679
906
276
64
667
707
451
637
890
815
471
799
381
274
673
9
130
973
385
708
831
390
368
943
679
270
679
717
451
735
52
829
771
815
689
578
848
428
795
141
516
764
581
51
967
611
155
732
502
274
130
286
700
440
139
115
750
702
647
461
152
73
831
24
155
764
402
809
902
76
906
271
667
318
707
390
130
820
912
324
700
300
536
449
215
136
679
131
251
100
602
550
676
804
846
799
713
815
919
676
141
950
294
201
766
368
848
287
276
368
626
127
442
734
429
717
824
423
818
831
172
670
380
736
76
927
358
867
90
76
984
919
358
335
597
451
381
170
895
673
534
893
181
147
271
918
374
924
717
681
300
215
152
315
964
541
150
602
927
315
717
644
480
374
209
778
848
626
646
393
296
648
534
120
606
452
147
311
689
885
842
461
837
127
758
747
602
723
972
860
440
42
58
906
491
732
379
854
854
64
251
381
972
818
846
276
5
271
757
597
147
742
265
742
232
521
516
21
451
349
460
215
541
769
541
565
674
514
786
837
644
906
676
981
96
795
130
431
822
689
265
950
615
742
321
452
689
690
33
932
473
354
232
157
905
815
205
775
667
76
130
271
332
964
616
654
210
737
64
320
974
850
280
559
460
850
232
265
900
147
141
261
346
442
507
491
722
704
902
122
581
575
731
592
696
9
371
473
904
386
246
188
335
905
361
918
648
516
628
602
280
770
460
423
848
58
680
865
428
534
320
889
55
927
141
280
514
358
860
935
780
358
270
286
219
749
393
428
837
747
271
173
556
292
919
864
851
440
626
822
890
850
648
480
386
77
353
811
649
973
296
904
744
906
276
272
77
644
514
276
689
321
215
972
399
24
58
423
381
532
39
396
592
536
96
296
696
597
597
934
377
981
232
272
335
636
286
210
861
647
597
996
592
94
679
703
131
872
82
689
365
300
9
899
740
447
860
321
830
732
15
646
964
780
396
390
571
460
983
593
815
707
904
393
120
735
592
972
696
76
387
33
18
780
396
396
594
732
860
959
381
4
717
272
657
881
173
442
950
381
380
626
76
41
51
717
900
361
902
564
674
48
265
981
564
353
899
277
173
993
867
950
318
280
875
96
973
33
764
818
516
750
996
568
927
592
457
770
127
732
979
648
925
606
380
21
597
274
713
188
700
647
742
818
948
188
713
780
789
904
232
875
822
637
386
964
201
422
315
152
18
592
328
265
637
89
473
296
251
368
286
575
182
353
638
58
263
637
241
232
155
887
948
786
516
265
276
900
545
564
491
456
891
19
517
955
646
390
396
948
155
460
849
636
286
442
215
599
744
934
73
702
276
251
707
89
752
353
381
353
320
440
854
335
339
861
902
63
471
280
750
541
635
368
53
902
837
339
390
73
274
374
390
700
76
42
689
916
445
271
984
335
274
647
829
881
744
636
696
979
576
981
689
981
815
952
556
300
39
271
210
324
972
473
761
713
58
861
473
875
480
442
380
900
881
780
616
581
646
41
451
201
270
744
604
409
534
850
445
996
550
116
386
541
440
534
458
948
702
644
771
445
973
403
456
51
149
205
846
390
674
636
58
246
509
381
680
374
890
332
564
232
339
829
390
723
672
822
602
771
744
654
152
451
246
732
172
122
198
188
679
766
837
770
865
740
948
65
842
927
274
33
680
742
19
53
707
860
320
789
654
704
764
315
828
860
704
5
271
480
56
581
734
396
831
461
789
867
318
647
648
353
564
647
736
854
320
424
919
860
626
480
771
320
473
1
318
387
875
291
732
39
707
42
956
390
332
210
702
979
597
861
829
173
799
480
648
280
771
981
889
251
684
679
851
558
534
637
272
680
623
646
654
754
304
850
57
423
51
646
127
912
596
881
597
723
209
24
209
566
744
210
120
714
39
422
846
21
209
122
680
205
24
964
321
177
996
766
451
616
919
889
19
722
241
147
734
51
684
274
789
744
536
9
321
147
99
33
764
339
581
959
883
440
735
728
888
962
271
673
602
320
867
536
471
423
9
616
336
286
232
332
423
205
849
396
799
499
455
637
881
94
950
120
541
21
536
241
875
296
799
964
749
824
19
927
276
271
556
246
789
1
921
747
927
789
534
569
96
296
749
386
205
461
456
889
828
705
902
283
396
405
996
473
480
33
804
96
777
452
445
386
201
532
972
34
321
673
293
335
974
602
904
860
296
480
996
702
717
532
324
722
534
900
684
796
451
280
100
900
328
744
472
445
732
813
680
122
550
51
440
950
758
902
5
764
173
362
804
300
124
302
387
124
130
82
300
740
789
565
857
422
42
799
201
602
728
906
702
918
445
918
251
532
667
18
744
188
696
974
232
241
428
597
39
899
507
216
232
423
824
995
210
888
73
332
320
270
205
456
735
713
514
127
545
764
815
919
130
49
918
155
18
941
743
471
742
400
358
707
606
819
39
353
274
532
385
381
509
141
33
904
918
702
770
780
473
702
58
374
667
948
9
889
380
696
667
339
205
534
750
900
628
318
191
426
246
676
265
829
124
538
96
838
977
828
296
959
401
141
732
514
460
950
684
813
957
919
296
732
708
388
952
952
147
456
789
385
96
950
750
925
780
19
872
704
18
221
654
471
120
232
271
849
246
707
837
511
130
952
850
556
1
804
918
636
353
276
141
90
722
211
860
42
890
127
232
507
188
428
902
989
927
674
854
387
723
141
732
654
828
804
534
654
679
77
918
818
692
321
780
713
155
534
717
676
722
291
829
280
734
654
933
770
606
667
831
241
828
335
872
824
471
332
440
861
848
241
948
19
900
473
828
5
860
77
861
872
19
339
428
954
935
461
509
296
337
872
744
717
69
722
906
5
49
804
276
867
572
188
650
385
760
202
771
332
428
872
274
728
636
424
847
155
972
376
76
509
842
64
96
440
902
21
770
700
730
757
536
390
918
766
130
86
848
358
847
209
795
77
549
428
442
286
73
644
772
42
981
41
393
396
654
21
201
647
141
291
676
321
892
637
141
304
592
265
215
700
278
440
667
626
918
270
507
749
906
717
562
735
732
286
451
285
109
861
58
799
532
393
393
368
477
39
700
732
280
646
321
270
39
749
300
127
94
860
704
19
532
717
516
280
942
422
456
860
347
241
859
818
919
871
887
445
209
581
205
736
950
837
799
789
849
678
735
456
423
541
120
689
94
526
541
890
9
671
754
202
315
509
495
966
393
824
704
393
335
654
541
981
387
606
241
952
764
421
120
349
689
545
480
835
318
379
581
639
539
24
728
39
626
385
147
723
461
849
606
456
536
374
387
152
637
296
173
850
386
648
972
49
147
933
188
339
644
315
318
824
812
667
461
746
860
534
76
321
51
948
147
791
927
646
950
789
187
201
445
361
597
786
747
828
534
35
91
964
76
754
342
702
471
637
469
822
127
390
974
332
689
246
702
822
471
451
19
353
64
442
616
188
412
974
456
315
564
152
451
740
201
440
732
358
904
504
814
758
747
314
152
349
451
411
357
480
616
5
476
673
210
96
471
700
209
336
628
73
943
73
789
310
440
736
564
291
232
246
246
611
732
152
152
837
536
291
846
956
887
972
173
374
702
386
41
41
381
532
771
849
173
848
550
428
324
324
296
831
696
296
532
996
411
644
339
831
374
745
704
136
286
394
418
954
480
700
205
925
51
47
536
33
746
251
581
288
597
33
215
94
335
514
680
899
423
930
728
750
53
422
628
419
215
842
636
262
707
758
514
155
39
215
41
545
918
274
41
637
451
491
616
381
471
96
831
581
535
580
271
386
927
758
606
286
694
782
689
747
550
689
18
79
272
831
564
735
702
286
846
507
386
232
786
381
723
422
824
721
122
393
384
120
770
209
266
379
141
390
215
919
700
374
86
628
846
802
374
919
451
24
950
111
959
590
831
42
890
480
824
742
514
120
374
974
626
353
644
721
654
274
591
973
251
902
732
5
232
335
241
215
322
320
94
902
564
534
380
461
491
124
24
386
973
547
927
950
33
351
77
33
201
9
747
32
321
917
636
818
381
380
507
361
837
280
707
550
837
18
210
380
195
889
1
291
465
678
124
387
682
674
881
667
114
818
647
94
147
650
241
89
702
713
902
315
447
646
616
879
974
100
21
900
736
445
914
18
598
138
100
124
849
321
265
732
888
734
597
456
210
950
928
18
384
606
127
831
130
849
850
737
5
349
160
974
390
127
284
564
996
349
952
265
952
671
471
673
88
2
592
130
972
443
76
471
959
541
904
1
445
353
559
786
750
764
541
454
201
918
974
674
815
744
654
532
902
358
300
2
546
837
321
541
53
456
689
846
265
881
271
440
402
19
53
637
296
386
904
291
94
597
534
120
654
39
742
780
246
771
89
667
700
189
626
707
349
361
130
619
347
846
950
274
996
959
740
445
536
92
887
860
647
700
872
548
513
385
925
941
637
770
959
648
249
887
972
786
628
215
215
581
428
749
602
41
527
51
978
850
1
514
904
648
374
69
824
536
516
854
120
210
353
612
155
602
602
780
76
42
241
846
89
974
39
702
276
33
33
251
39
423
332
208
349
432
291
667
94
981
974
626
848
735
972
300
215
324
1
904
42
552
534
972
618
516
842
750
272
422
491
693
329
5
702
0
141
742
87
860
423
167
516
919
175
147
758
274
927
535
361
98
804
736
311
18
586
964
349
379
881
122
667
867
20
122
509
747
860
592
387
849
550
147
304
1
172
863
332
606
757
24
423
628
124
58
837
232
233
764
597
9
906
646
300
215
667
734
291
799
480
64
846
9
900
689
904
396
507
19
640
766
637
335
296
246
696
925
336
831
461
96
475
576
1
736
155
407
380
893
491
460
423
880
509
320
201
744
828
818
761
881
5
147
592
335
451
799
889
767
122
750
723
393
810
428
387
828
704
509
850
758
210
509
370
353
442
865
516
758
904
749
241
648
822
866
900
696
271
232
735
370
332
902
532
397
381
473
41
152
460
899
648
423
581
381
321
96
246
498
974
818
592
127
346
272
849
507
173
34
445
39
5
188
673
918
761
390
834
538
442
771
152
381
828
723
41
82
877
186
291
674
296
891
758
335
903
130
379
804
383
270
625
141
295
717
379
769
822
750
265
507
567
141
679
247
564
534
628
861
385
925
592
491
806
122
981
353
246
423
461
807
296
465
648
973
890
155
887
713
51
837
75
654
887
742
516
291
331
33
736
696
815
680
857
335
670
945
920
854
744
848
964
950
849
626
674
973
374
210
461
130
335
744
155
536
147
822
942
618
49
514
209
291
771
536
320
837
286
735
789
100
667
386
374
761
73
265
900
461
39
972
272
39
70
890
246
865
315
822
320
210
18
889
335
754
722
343
722
815
474
981
674
952
385
865
771
583
272
265
887
274
286
491
866
393
770
608
947
667
646
209
387
750
358
860
380
442
41
684
959
385
805
744
159
80
295
689
550
291
680
867
740
736
892
829
507
124
18
875
771
549
906
276
272
618
924
498
122
829
516
616
602
597
21
440
906
173
296
274
21
890
222
251
368
28
532
626
514
723
715
491
536
349
480
818
996
428
307
747
906
386
744
473
824
728
683
147
996
321
481
805
964
906
94
53
24
890
854
24
534
484
904
315
899
89
265
707
900
964
353
300
19
224
927
99
764
684
829
18
64
349
799
627
914
828
393
205
298
680
51
890
324
360
680
5
676
887
744
904
18
385
819
899
565
606
770
900
865
480
541
324
702
315
592
21
758
865
5
276
393
473
849
887
974
491
368
387
188
274
702
374
1
29
511
722
597
100
387
215
906
851
300
904
606
276
291
972
325
168
120
100
104
41
461
184
904
717
151
5
321
865
24
188
723
387
780
696
205
616
712
744
749
861
321
952
919
514
480
456
815
625
700
616
473
201
335
77
700
674
818
155
887
385
959
766
919
274
324
833
173
390
381
99
805
906
353
981
100
927
280
578
637
829
616
837
364
824
831
831
386
96
390
1
849
152
804
828
276
887
502
94
172
921
358
919
974
842
974
339
396
900
58
842
804
804
81
1
33
109
906
837
385
130
849
428
849
637
590
829
597
850
679
393
867
536
644
291
185
771
628
723
381
451
49
818
152
950
320
698
227
867
706
393
972
799
456
386
61
646
904
499
973
723
854
854
129
728
544
754
124
534
262
799
700
320
122
818
637
41
676
18
532
318
672
541
597
837
646
850
369
667
373
332
628
353
339
735
964
251
820
96
387
647
55
223
750
550
335
680
315
910
152
320
952
128
606
232
477
648
514
64
324
857
55
209
526
704
700
21
298
534
21
740
321
872
368
73
473
969
277
278
398
311
300
374
735
188
291
927
155
723
796
780
689
315
735
740
918
541
860
881
854
636
925
532
396
644
750
18
271
615
188
902
674
380
606
201
648
130
152
799
592
509
754
707
410
766
300
831
516
320
702
592
822
386
544
201
358
232
463
728
42
255
89
626
89
705
996
374
368
846
606
674
805
994
320
122
58
152
979
9
272
19
959
674
872
654
349
750
122
332
280
368
865
805
684
272
747
980
393
849
385
458
592
979
124
205
700
391
422
701
387
846
536
640
837
66
471
332
696
927
713
124
647
422
461
550
900
766
679
722
361
822
124
120
18
789
94
89
889
381
815
700
764
201
550
972
205
837
831
749
792
274
9
509
890
828
815
981
532
890
917
948
422
51
286
890
480
909
536
181
345
353
865
336
753
704
324
77
390
491
764
374
679
904
673
918
679
276
717
355
94
318
315
53
386
728
637
315
822
626
374
747
89
460
445
147
387
381
291
676
387
254
381
636
219
276
950
381
732
723
332
96
904
232
76
64
603
848
318
124
53
747
647
852
347
964
444
735
33
872
445
707
829
270
815
246
9
717
861
550
754
386
637
581
771
736
646
948
597
764
336
743
339
507
737
451
440
837
177
829
385
128
491
592
865
266
869
147
393
706
889
858
456
320
374
342
51
423
854
76
831
318
602
550
243
597
771
21
562
159
74
335
899
386
791
442
758
723
581
484
846
789
456
842
18
386
890
205
147
232
94
516
972
639
141
49
722
272
251
368
950
516
291
564
822
188
491
33
887
764
324
480
276
381
353
96
981
684
824
379
547
602
950
815
55
423
689
581
428
676
232
401
964
823
592
36
878
317
688
73
799
837
728
902
996
272
480
385
270
842
147
889
336
770
799
996
456
644
925
899
509
648
734
789
900
875
445
865
141
822
428
770
959
487
127
315
89
822
1
440
628
670
646
875
831
899
250
824
904
1
981
1
485
51
76
702
66
867
732
717
550
860
100
541
704
49
388
473
904
754
592
219
592
124
280
120
700
209
865
385
385
887
742
867
646
606
390
685
648
979
744
42
588
822
386
536
173
451
805
861
461
702
902
64
606
789
875
766
713
205
979
368
700
296
461
918
648
209
120
576
744
155
744
516
722
972
676
133
8
566
480
849
73
881
875
758
274
637
428
766
396
742
361
744
190
964
654
516
428
732
276
19
315
58
480
49
766
99
824
974
850
713
646
271
94
899
713
53
422
272
385
899
339
374
747
86
918
51
996
828
861
799
630
379
507
274
186
644
130
516
416
338
696
381
215
396
684
274
689
881
822
188
280
5
140
280
889
211
385
592
626
390
887
127
919
442
636
550
94
822
646
532
824
2
692
534
850
789
19
789
93
735
20
89
581
451
129
749
270
829
974
770
858
541
51
385
722
123
872
824
514
89
456
291
291
597
964
734
992
728
904
717
241
374
379
644
940
456
33
702
551
834
291
321
380
889
889
361
423
902
320
674
276
274
740
245
728
315
281
349
379
336
445
973
491
952
328
750
122
840
296
807
77
837
201
374
339
637
49
24
828
215
648
238
393
147
647
390
328
981
842
53
473
974
49
789
332
544
713
849
58
155
397
339
713
51
881
770
696
433
873
861
754
397
860
349
780
291
854
637
286
386
130
815
361
246
205
646
445
861
440
380
925
881
824
676
94
845
53
381
451
534
717
744
41
440
386
887
780
645
428
473
440
848
353
274
766
215
97
21
96
606
120
436
514
389
973
753
58
89
532
534
606
707
53
636
667
53
846
480
270
861
950
815
361
658
514
637
766
700
899
339
912
484
5
440
837
215
918
568
155
39
21
948
747
246
516
927
300
468
973
644
152
804
370
205
818
548
73
381
736
732
296
246
616
952
875
636
718
764
646
644
717
24
950
349
514
850
898
509
188
861
722
236
215
704
541
428
300
900
9
939
842
973
21
875
676
491
581
964
276
606
246
380
39
296
679
644
318
451
723
952
89
770
472
736
644
218
754
822
27
41
76
596
390
478
393
77
754
534
9
592
717
900
18
722
824
867
44
491
676
536
707
110
509
974
271
846
981
736
456
173
825
94
380
152
689
602
887
952
253
173
749
534
55
442
667
386
387
815
673
488
283
707
484
272
749
232
677
73
173
75
385
972
274
440
122
210
799
122
521
887
42
902
188
679
241
979
647
516
76
734
702
592
717
606
865
488
797
770
732
997
445
335
380
900
865
981
636
509
173
428
717
803
80
837
336
740
215
201
747
31
319
704
218
343
704
950
486
740
717
328
799
393
770
147
461
740
314
758
296
846
335
848
64
789
902
878
445
717
979
507
315
514
73
176
124
100
865
127
581
155
829
754
861
846
155
602
867
9
661
480
232
702
76
754
390
680
246
647
684
201
730
387
358
442
846
750
379
754
867
241
385
577
246
849
732
127
592
251
152
454
147
696
380
861
676
723
813
644
390
514
130
386
286
674
58
906
828
516
49
293
253
210
750
33
860
300
550
339
700
24
626
754
972
860
509
887
265
127
927
246
849
717
473
96
861
764
291
758
380
232
471
51
872
76
654
927
410
225
56
771
831
628
887
71
24
673
30
100
770
701
732
396
689
684
875
532
702
377
358
491
5
471
321
456
339
948
973
73
532
550
324
423
385
750
130
899
744
860
296
210
684
840
740
265
592
550
787
320
272
321
646
76
824
771
950
602
361
679
96
532
451
699
53
950
320
155
321
280
979
120
368
361
36
904
368
899
717
854
996
349
865
42
750
748
674
398
890
516
920
509
996
900
320
366
867
628
209
440
684
272
952
456
324
742
124
300
552
616
707
141
646
664
215
740
734
648
476
100
335
296
818
636
861
673
490
320
644
18
321
21
815
744
396
676
723
847
644
507
390
948
728
713
857
548
713
423
76
507
925
900
39
393
918
566
707
974
779
353
440
461
771
919
461
1
623
644
301
423
21
667
77
447
460
157
981
749
789
241
756
648
918
652
860
49
383
899
237
323
844
849
952
770
73
948
270
750
461
188
679
770
381
740
780
380
76
358
49
335
152
49
805
276
736
335
959
9
608
611
300
332
758
494
950
532
592
205
703
770
674
390
564
442
507
627
974
94
805
209
927
296
301
21
422
358
597
385
445
326
456
390
280
983
592
390
386
722
124
21
173
76
219
744
514
959
209
516
786
396
972
41
973
626
442
857
619
637
815
335
850
889
103
205
756
964
456
280
42
403
0
889
349
837
321
534
707
491
667
461
156
320
53
744
735
597
751
916
637
312
336
979
64
286
764
771
717
904
805
889
324
883
597
18
890
704
988
461
988
461
959
872
959
343
480
445
67
965
861
507
298
875
280
336
566
758
530
65
127
296
47
972
265
541
952
460
33
815
842
534
393
832
33
824
532
529
95
209
480
188
122
742
55
423
130
386
294
423
9
514
789
451
1
541
24
815
152
597
336
734
73
42
899
187
77
328
981
131
646
742
241
750
804
684
209
950
390
696
413
152
652
626
696
374
622
950
390
100
532
667
689
735
18
286
684
656
516
789
480
849
336
380
818
386
644
152
271
754
127
837
300
627
735
374
702
704
606
122
631
161
764
460
742
332
918
670
674
979
837
597
5
736
120
209
152
368
617
516
274
315
210
770
73
461
215
584
241
750
387
674
51
700
387
610
964
646
461
900
735
124
353
58
456
147
758
758
120
321
18
867
94
18
922
581
9
734
51
889
379
272
451
386
744
320
201
734
815
368
155
353
773
6
147
274
24
959
451
141
39
735
541
728
541
423
747
867
336
644
353
201
667
147
564
893
53
18
291
973
442
51
263
343
689
846
341
872
550
902
861
387
136
900
865
700
700
39
516
707
848
396
872
147
799
740
21
824
743
981
973
723
443
815
24
368
321
274
899
470
473
64
361
534
106
867
846
406
899
888
815
972
58
41
265
76
361
646
811
251
513
950
339
736
818
188
385
685
428
865
53
349
746
280
491
120
130
51
108
648
900
673
1
959
491
96
387
445
209
673
270
900
981
24
335
514
842
274
732
680
451
750
294
210
428
684
728
423
900
332
648
353
340
861
383
215
349
767
274
130
818
974
974
422
780
901
842
40
636
592
386
374
201
56
130
422
689
58
815
272
15
678
1
567
713
771
291
764
715
5
596
89
860
246
534
117
248
385
899
152
358
422
152
155
736
557
42
606
805
887
734
673
476
717
272
396
854
89
300
925
461
188
13
272
696
217
300
73
890
393
904
925
628
532
241
925
740
749
680
685
723
974
799
789
336
972
152
534
728
471
362
209
353
628
869
344
358
47
616
210
5
865
676
958
428
642
846
735
684
324
974
39
842
723
51
975
46
550
974
770
904
210
749
861
272
358
155
507
385
219
952
696
553
276
952
822
386
952
68
918
747
210
24
898
654
606
9
636
300
874
507
127
423
386
805
271
130
865
875
616
276
875
964
280
799
581
265
122
21
274
646
736
679
723
5
516
170
842
324
145
628
77
741
832
94
722
280
271
606
789
445
601
1
734
296
700
762
979
530
39
155
889
291
241
550
202
713
648
456
337
353
205
381
442
679
854
777
860
707
507
380
674
906
736
222
390
906
64
822
764
385
127
906
875
270
491
276
276
285
205
972
734
823
842
751
310
41
861
758
320
321
438
130
564
749
188
280
696
996
58
927
974
155
842
324
735
393
152
315
183
979
451
473
828
592
780
906
865
280
674
300
684
188
829
516
19
296
964
296
925
946
213
881
592
758
828
509
706
846
919
534
387
73
1
353
368
872
799
1
906
822
336
320
272
461
367
274
73
423
925
750
875
9
842
176
735
147
374
201
18
824
280
456
76
393
471
713
749
925
648
396
21
96
451
918
77
564
728
861
173
251
409
647
514
707
231
674
736
722
648
268
390
53
749
742
390
460
5
919
321
984
381
597
442
979
274
55
616
760
667
959
353
733
130
339
707
380
460
428
173
49
647
42
272
564
276
979
440
700
747
89
654
422
507
485
332
256
606
749
490
925
860
353
333
616
646
480
747
735
173
64
469
735
981
270
736
823
147
49
875
380
636
722
628
393
704
5
173
850
789
872
628
881
321
836
94
428
564
925
850
24
155
736
612
964
473
387
755
440
386
619
770
908
5
442
336
423
722
265
979
120
271
906
789
385
581
626
44
390
902
385
272
39
613
491
742
77
736
948
815
900
732
42
445
616
514
679
952
271
728
828
280
950
18
734
300
979
992
805
94
358
631
637
679
272
127
320
201
640
541
130
329
324
445
100
763
747
445
846
124
403
772
689
679
121
576
541
735
842
393
616
704
277
934
5
205
667
374
460
148
358
204
629
849
186
373
451
712
456
349
576
616
393
824
251
486
94
188
707
445
842
996
764
135
696
644
780
875
380
307
564
81
1
704
646
388
555
478
473
367
722
100
33
352
700
96
674
251
271
889
904
865
516
270
125
361
799
740
205
952
828
654
732
127
272
905
445
232
707
689
393
39
900
829
396
800
5
210
948
967
805
919
117
636
435
536
423
353
616
73
324
276
644
700
734
716
819
750
929
815
386
646
428
898
426
210
837
317
396
684
704
76
636
246
900
680
860
19
53
368
440
127
301
915
957
717
42
272
919
652
265
210
360
771
390
535
339
506
324
516
765
385
972
780
742
887
550
386
875
546
58
550
854
740
1
423
945
280
541
622
791
927
9
636
51
516
889
461
684
906
667
241
532
853
77
646
541
406
368
215
644
713
315
818
211
665
274
651
471
592
927
723
276
321
799
130
471
713
130
766
842
58
280
155
77
824
959
770
147
18
39
335
100
232
532
952
959
679
300
430
692
507
17
387
410
667
717
224
358
361
445
94
144
887
385
667
680
456
5
246
241
434
514
296
89
147
972
919
152
135
209
321
740
396
837
918
387
713
713
18
837
5
451
442
76
602
959
256
193
358
899
280
945
324
616
974
855
232
892
120
231
11
385
636
386
644
241
443
232
592
353
188
210
42
145
982
198
973
423
964
320
265
239
534
451
49
922
627
818
380
700
749
147
349
638
973
379
485
626
637
364
564
952
18
100
532
766
358
723
291
602
423
18
291
361
849
648
296
187
507
667
186
423
950
51
124
732
28
597
636
901
550
842
831
848
872
64
734
73
780
771
332
440
959
925
865
514
442
758
186
18
628
684
246
734
837
899
648
742
713
19
127
831
152
831
722
468
94
965
587
826
696
173
904
182
893
374
507
744
396
964
824
628
262
141
19
700
804
950
952
473
58
646
735
480
381
902
188
754
904
979
861
822
799
123
56
122
819
165
766
766
188
758
532
764
842
564
480
507
390
861
829
815
379
265
232
704
680
5
747
959
654
696
49
473
550
606
386
825
628
396
919
472
902
396
970
204
272
456
581
460
742
828
396
996
996
791
732
734
368
700
473
789
919
286
274
700
15
451
792
21
771
851
647
473
332
42
58
53
124
689
646
242
799
849
265
485
887
899
771
271
805
714
981
789
77
454
39
386
654
958
451
608
204
646
946
480
972
945
73
31
393
972
232
780
742
749
889
286
422
731
42
379
767
339
678
918
979
386
587
461
428
147
512
58
804
746
332
861
445
809
636
734
175
455
349
353
872
780
700
179
805
64
766
41
906
20
19
780
974
141
734
849
717
764
362
723
265
900
99
73
707
919
647
767
673
749
5
509
368
349
674
541
11
507
296
532
272
602
210
973
445
122
824
654
514
828
227
105
396
959
521
320
127
456
879
391
515
831
972
666
210
537
789
66
964
959
39
732
928
674
927
837
503
353
302
656
456
162
534
353
325
280
744
393
336
9
597
981
882
466
428
824
276
597
324
532
581
770
702
728
320
829
100
848
749
927
981
919
686
280
532
120
959
541
310
850
147
881
49
141
507
19
77
509
842
723
523
872
361
471
386
818
887
764
461
188
818
353
606
541
473
73
122
676
368
324
717
904
776
865
747
707
925
393
396
374
804
336
872
152
950
927
644
764
925
130
280
64
1
626
751
616
900
854
509
899
770
626
497
930
581
749
381
272
704
487
339
704
120
769
451
747
198
51
633
39
592
822
704
20
890
893
271
707
381
996
33
89
564
534
879
811
965
461
861
18
507
21
732
592
799
152
272
811
684
750
318
775
1
667
717
689
804
647
927
96
673
636
401
9
94
122
805
887
374
503
846
379
480
710
139
288
550
680
152
393
24
180
696
848
460
321
272
611
680
918
24
451
422
390
626
854
64
122
523
315
722
590
850
89
272
239
9
532
19
881
428
460
51
734
272
209
824
700
265
597
423
349
5
805
707
210
50
19
425
461
55
451
979
597
24
938
900
564
380
890
291
417
702
94
471
732
848
380
950
64
734
950
927
533
318
906
460
713
390
130
846
288
636
616
676
773
265
272
499
297
602
64
875
742
228
732
964
120
780
414
704
361
251
740
973
361
597
188
509
592
606
18
850
296
271
602
736
286
606
1
532
393
744
336
771
973
981
77
138
251
667
53
116
130
764
749
296
53
65
717
636
393
996
829
638
509
875
246
918
889
771
516
149
815
616
423
251
280
5
210
442
696
21
861
703
714
272
141
445
428
19
918
884
828
848
550
272
861
713
120
822
173
51
793
914
754
860
828
981
141
353
287
60
747
889
679
976
456
61
654
148
100
534
837
850
58
979
597
49
824
624
717
766
722
735
854
137
24
416
696
900
655
259
747
242
951
906
276
609
889
872
689
922
702
881
442
707
919
77
353
19
948
918
335
704
906
171
428
300
291
141
380
837
981
1
971
541
919
637
831
480
973
750
967
201
368
861
211
122
906
390
754
597
676
603
122
209
749
188
77
665
964
296
541
805
265
664
423
804
689
854
24
972
58
509
925
935
762
637
587
361
708
21
396
188
828
442
536
49
120
131
750
771
799
815
766
740
780
385
647
964
89
680
39
680
228
188
58
789
900
232
378
919
602
647
829
648
508
21
849
785
713
734
201
442
299
96
311
141
49
933
707
422
251
680
674
480
734
636
595
837
668
300
274
74
49
836
867
647
516
149
713
330
320
906
799
38
700
848
925
712
952
100
349
758
740
979
145
722
889
349
764
707
674
379
865
770
265
536
872
571
336
215
647
758
318
602
206
602
246
722
286
899
590
958
452
828
867
972
300
58
76
986
972
999
850
918
760
197
1
451
799
274
205
802
261
124
205
647
321
861
141
680
707
592
765
362
854
818
155
784
679
837
152
732
747
147
141
390
473
747
445
530
616
73
334
959
616
215
815
271
996
77
848
725
567
386
381
270
155
837
353
315
130
747
872
904
24
981
996
865
155
49
974
256
626
358
122
253
597
972
927
527
241
280
702
440
973
278
758
76
32
637
45
291
336
784
94
507
440
321
606
532
122
754
618
77
872
445
49
770
75
560
68
471
913
902
5
39
597
460
648
525
879
336
315
742
950
205
677
702
704
479
799
12
39
723
141
5
96
818
96
393
81
507
626
553
582
349
744
41
846
51
532
706
948
321
40
996
689
155
822
992
950
58
265
315
536
41
283
396
754
423
5
758
335
707
749
146
948
555
201
849
996
766
973
289
740
830
875
770
70
428
900
837
368
473
335
47
422
300
592
744
881
373
534
117
324
141
152
509
276
822
460
358
771
215
5
473
581
828
24
973
884
280
201
521
5
848
210
318
597
704
18
440
887
315
707
445
332
141
637
899
473
534
789
315
94
680
456
321
18
324
602
673
177
900
770
519
1
270
704
42
867
904
780
791
597
998
564
41
723
723
592
704
331
887
690
592
155
702
381
321
929
49
9
41
1
9
251
616
337
381
58
209
626
272
867
854
837
941
174
912
390
854
374
1
271
880
507
325
948
972
964
979
5
766
336
167
210
42
952
738
766
491
606
684
5
90
654
904
278
581
442
532
815
532
673
707
355
887
19
952
270
451
128
491
805
145
152
77
827
837
532
58
799
747
900
19
906
771
889
368
723
667
750
890
380
122
251
828
381
504
735
831
780
456
904
315
805
764
764
76
780
476
276
837
422
390
100
770
881
680
702
94
49
147
925
58
519
50
859
723
804
644
616
76
173
842
265
530
636
770
637
764
24
973
396
38
837
276
380
321
952
94
710
542
516
396
707
318
831
676
846
646
829
732
667
196
679
147
379
274
350
147
24
918
736
550
77
155
1
952
581
848
536
44
592
214
707
581
996
445
509
321
861
84
927
959
854
646
541
480
646
232
606
1
704
626
835
18
440
979
442
770
973
837
478
135
972
822
152
396
440
959
507
867
24
841
122
386
818
744
744
445
210
708
550
647
973
49
393
952
359
831
964
286
141
94
461
647
21
209
865
381
648
935
456
332
215
805
509
844
850
647
135
141
837
842
564
77
507
673
205
734
100
947
300
379
646
215
636
676
122
73
785
361
14
276
280
382
6
320
440
265
126
129
904
890
938
837
350
904
780
849
201
756
461
643
616
742
890
428
638
64
872
300
881
416
387
340
400
618
374
626
9
927
374
33
861
704
758
390
209
390
381
979
39
460
141
19
141
717
205
692
707
1
188
271
173
854
771
964
789
925
717
828
456
789
21
934
209
887
461
122
602
507
906
440
336
857
274
1
889
846
390
920
972
872
669
948
996
847
571
274
363
818
77
919
836
475
821
787
887
944
616
512
252
588
358
9
237
684
96
73
509
717
368
461
758
766
396
918
973
463
805
210
770
498
152
439
507
734
396
676
758
227
134
771
42
981
927
735
390
509
516
735
626
188
210
815
318
704
18
369
124
704
516
251
460
358
210
491
491
409
335
973
764
195
927
764
480
973
380
591
879
824
64
392
674
120
241
188
532
490
516
141
626
41
850
442
335
564
713
628
981
390
536
789
152
336
33
621
58
422
854
581
722
818
349
930
713
822
286
173
875
480
380
147
53
713
130
276
927
58
381
948
680
461
861
680
740
736
365
648
667
473
861
602
875
335
744
564
49
333
532
332
741
925
274
735
51
204
335
365
996
648
619
96
32
766
689
626
890
191
246
486
875
766
545
723
854
789
744
451
456
288
19
679
973
754
296
241
846
9
422
534
53
768
291
842
122
252
780
324
831
76
127
860
162
722
336
390
124
507
676
122
606
127
696
723
507
799
900
597
648
824
899
673
867
831
996
53
824
90
460
73
51
597
918
286
765
241
732
152
636
379
744
602
872
831
127
950
385
700
173
602
887
764
644
129
480
647
646
507
393
481
33
865
286
674
900
246
315
910
385
846
600
89
898
680
900
471
956
387
574
370
449
349
867
291
616
460
423
771
507
654
964
232
867
626
815
867
361
381
21
209
700
380
332
368
917
272
396
679
850
318
381
616
581
335
973
717
914
480
387
270
972
276
387
764
689
970
689
667
321
132
842
361
296
606
619
747
120
422
396
740
667
422
832
822
636
232
265
127
680
861
620
654
534
116
232
274
166
805
232
130
265
754
637
828
742
172
770
210
805
423
962
36
723
471
532
73
673
209
860
265
674
534
272
231
736
707
583
559
979
804
846
815
581
380
900
286
336
381
626
704
330
783
64
749
899
766
396
629
660
704
861
234
418
320
173
850
73
324
829
850
251
147
754
201
549
390
713
758
473
39
945
637
482
534
648
122
875
147
251
736
21
241
122
723
65
704
176
49
852
684
867
454
537
850
41
188
972
58
820
77
24
51
861
713
828
848
904
887
173
324
243
196
971
465
472
700
460
201
728
770
282
824
973
780
736
861
818
451
276
53
120
950
649
723
950
274
358
58
94
780
822
456
904
848
673
33
320
535
704
679
460
667
188
902
707
964
24
431
167
900
339
674
723
854
152
644
850
981
156
51
603
850
673
320
451
919
654
805
899
428
697
320
353
637
534
442
122
274
872
120
973
902
736
387
700
536
684
18
318
879
286
564
673
902
890
389
418
948
837
865
215
974
850
860
872
460
374
432
592
404
837
575
147
53
95
824
684
532
120
246
696
680
325
865
232
514
842
696
76
507
237
680
70
647
900
33
972
728
420
5
499
460
381
64
514
490
339
742
974
461
564
648
349
676
51
315
395
881
511
648
51
9
696
973
442
320
141
384
964
241
108
717
973
960
491
413
831
861
541
524
544
532
24
744
581
951
368
64
861
901
637
73
451
865
674
854
894
677
332
781
899
493
368
979
921
707
927
684
846
263
604
353
251
854
321
831
18
780
750
799
805
122
646
740
380
680
471
1
964
274
121
925
981
299
717
780
73
636
744
423
927
704
440
393
514
440
232
390
758
155
673
636
78
636
296
789
867
592
704
58
93
473
863
564
927
899
981
890
122
383
584
899
339
204
155
451
899
679
644
381
906
612
272
780
387
696
959
428
1
849
744
77
786
887
127
349
889
73
696
403
53
948
906
209
440
201
480
451
286
381
335
390
251
359
919
918
722
848
904
758
18
251
272
263
863
597
315
952
9
592
286
205
904
477
453
750
771
1
867
606
387
842
152
76
824
280
674
215
271
534
799
723
548
209
927
858
742
17
747
201
860
209
256
867
676
822
445
822
959
747
96
300
887
570
674
5
750
147
442
461
764
973
269
194
96
18
396
28
315
120
831
509
722
854
860
996
381
660
788
904
654
315
837
73
674
18
514
130
680
679
456
336
96
747
750
654
89
648
1
831
73
816
480
77
145
310
204
787
736
130
173
380
749
271
736
900
860
696
747
974
460
94
875
925
296
219
822
423
729
881
550
286
64
696
324
286
265
789
973
19
122
835
902
732
296
747
271
100
393
77
889
964
442
385
321
702
385
147
762
581
654
5
950
972
930
215
58
646
401
461
722
5
39
754
482
867
875
423
66
155
881
706
318
862
442
