744
246
846
215
516
849
647
636
122
644
735
442
24
740
534
616
754
332
173
205
274
368
890
423
77
41
127
959
1
428
996
925
276
564
899
822
764
700
349
386
21
680
860
927
749
353
514
606
918
286
842
950
628
906
440
100
480
872
445
828
124
848
889
460
381
18
602
210
361
39
9
358
315
380
637
732
837
141
654
473
49
374
280
758
379
324
728
251
265
815
648
296
952
272
667
232
734
626
689
981
509
854
396
592
881
188
390
771
824
550
780
130
461
336
422
742
902
42
865
147
339
684
597
904
861
471
155
750
96
456
723
789
51
76
805
799
919
704
818
979
201
674
766
717
581
829
673
209
974
152
387
19
335
696
676
318
679
291
973
536
707
804
5
321
507
270
964
300
713
831
948
702
541
53
120
385
972
747
58
532
64
393
271
73
94
875
850
491
770
736
33
646
89
451
900
887
320
722
241
867
299
873
56
624
338
289
389
853
916
403
923
181
570
47
585
485
6
222
859
703
897
963
800
247
526
266
245
193
255
208
63
521
685
70
427
74
949
620
711
169
309
453
405
249
331
615
551
406
957
984
190
912
542
75
146
634
544
216
944
548
110
337
243
535
269
325
986
607
432
895
0
719
481
137
415
126
721
25
836
160
10
588
686
556
640
455
191
855
23
287
796
411
213
977
942
587
641
683
600
441
187
560
234
139
159
142
78
391
362
568
745
712
103
44
653
38
765
701
334
99
55
778
36
165
2
687
394
715
168
682
743
378
502
864
839
573
666
593
879
931
565
956
436
539
882
603
661
407
497
282
444
186
297
263
823
976
790
622
211
176
221
537
662
566
910
322
202
399
17
298
512
239
660
863
610
768
87
304
930
279
611
496
144
812
898
559
376
111
464
737
632
343
218
46
598
940
302
327
798
136
880
184
217
726
775
348
290
410
429
119
398
20
413
468
54
545
958
681
776
751
62
240
81
785
416
180
446
774
668
166
586
936
113
985
724
177
3
27
174
97
886
16
82
631
373
891
993
433
725
129
777
529
870
228
920
207
748
412
342
295
983
978
562
692
383
718
656
400
183
200
517
760
915
922
223
672
627
197
730
650
360
599
917
595
214
310
115
294
820
313
86
346
474
525
40
458
477
178
580
449
95
484
30
352
596
328
988
832
577
135
835
633
182
489
476
731
945
409
311
513
806
237
392
401
623
256
487
365
582
164
888
117
878
248
14
729
629
999
90
301
475
924
554
454
561
782
975
212
810
965
706
932
678
425
520
29
601
486
356
150
134
499
809
939
372
8
946
762
579
277
267
699
527
371
12
254
538
524
669
206
482
68
408
518
816
614
694
755
227
787
928
827
260
901
101
546
934
971
492
720
969
104
418
698
388
791
330
98
80
424
443
479
194
196
13
419
462
549
143
929
284
79
4
786
862
808
203
907
108
951
741
833
858
635
466
547
244
69
797
438
761
292
821
903
567
609
688
618
60
826
283
921
28
238
508
578
261
370
784
954
128
504
868
363
26
825
608
841
752
154
621
91
763
347
773
439
591
494
303
885
814
807
909
231
149
198
896
116
351
739
980
643
131
420
795
665
857
121
519
364
83
540
583
652
511
767
575
102
843
834
531
617
913
495
819
781
576
109
323
242
34
639
851
230
375
32
465
989
236
727
543
171
426
995
114
788
801
189
757
175
281
153
106
450
308
457
612
659
523
960
259
574
569
498
253
645
990
463
994
326
938
933
185
459
584
71
448
107
105
262
167
847
792
501
417
733
866
883
157
982
664
572
630
905
893
876
31
500
37
657
691
675
316
366
515
625
738
434
530
935
772
911
937
275
367
384
658
962
884
793
92
145
220
914
354
179
317
953
997
557
235
61
941
162
329
469
57
257
395
288
341
85
344
869
756
783
333
493
594
604
307
670
926
435
802
697
133
967
605
838
555
472
45
779
552
161
43
522
421
233
402
112
845
840
65
813
252
693
955
746
769
663
638
431
123
357
803
397
642
15
195
505
52
677
649
163
88
404
273
753
943
690
817
563
558
314
199
947
35
716
437
225
987
226
998
811
192
467
671
140
306
172
340
892
991
503
7
430
908
871
204
510
359
355
961
714
59
156
148
382
319
66
794
874
992
490
414
312
369
470
709
250
67
278
305
268
345
506
151
877
447
705
710
708
619
488
125
553
293
170
285
759
613
970
350
22
483
651
138
571
695
852
856
894
224
158
72
264
132
844
590
528
966
11
589
377
229
452
478
830
258
93
118
655
219
50
48
968
84
533
