19
155
274
860
828
514
764
53
324
44
212
5
280
647
241
881
387
482
353
728
867
96
770
440
241
390
871
215
209
735
703
867
842
749
328
705
300
474
76
271
656
64
983
90
581
445
460
700
674
221
902
592
734
827
667
336
270
286
428
90
919
815
849
332
707
829
451
461
934
147
68
976
428
1
89
919
422
49
480
948
127
353
361
550
270
832
576
974
274
824
232
272
890
899
120
867
77
541
390
124
964
684
73
393
867
651
115
480
704
648
19
381
251
852
224
332
574
87
340
680
387
973
368
734
644
120
428
97
789
848
451
241
778
73
491
626
850
120
368
890
809
514
500
295
606
972
705
648
906
872
842
58
892
509
814
39
719
704
696
382
902
673
276
346
740
428
636
516
332
122
378
927
626
504
972
679
744
381
821
368
122
358
321
680
764
428
271
948
516
177
465
77
722
460
810
241
21
837
846
251
9
973
952
700
535
1
300
368
353
771
380
906
473
955
932
315
385
532
780
742
265
742
974
401
32
879
604
103
380
335
21
19
440
491
673
648
241
451
514
927
842
277
2
122
964
750
704
471
134
824
147
320
679
616
644
53
646
509
96
332
12
367
155
100
673
918
422
992
704
77
150
550
749
684
423
173
111
824
592
881
276
602
540
684
540
680
606
602
18
616
156
198
636
51
740
103
667
581
789
818
422
722
822
516
950
201
679
722
637
58
311
324
541
340
241
265
805
57
509
53
676
280
860
127
804
291
241
320
972
58
889
386
592
9
626
824
550
422
120
240
826
865
541
904
155
732
339
648
64
789
824
599
805
123
21
407
41
860
333
689
948
100
386
859
5
286
272
21
654
251
804
461
215
919
423
676
536
770
954
173
124
927
396
51
387
215
849
842
890
744
660
717
210
280
648
950
315
100
789
828
973
626
723
837
728
906
271
558
374
49
393
58
127
51
53
232
211
867
749
734
652
667
981
349
39
100
842
636
205
943
770
193
456
491
906
119
564
451
625
754
387
602
644
76
9
861
461
516
723
300
959
952
73
626
9
887
815
141
886
473
704
713
824
860
752
654
648
442
804
849
155
771
534
602
689
902
396
764
804
881
366
395
390
848
509
846
702
451
993
581
356
379
286
120
592
717
740
764
5
90
361
89
846
416
241
734
393
138
238
581
541
550
5
872
900
927
21
854
53
860
241
473
358
336
674
875
918
516
646
386
759
918
42
974
532
13
280
504
272
271
919
906
270
209
9
272
792
980
209
324
393
916
829
684
152
58
155
120
265
19
24
551
796
959
768
210
321
861
842
628
45
770
740
368
700
321
713
818
689
19
428
805
606
973
207
918
89
324
867
445
271
33
799
336
514
442
822
861
215
206
749
42
317
829
24
679
382
626
127
846
58
628
536
918
442
687
536
320
722
717
286
671
722
673
147
918
321
754
1
736
320
606
780
758
919
368
256
38
386
689
442
804
241
918
829
173
188
689
24
203
707
728
52
707
300
276
824
881
637
379
232
5
358
147
366
94
829
646
385
152
18
684
473
473
822
53
597
280
212
428
35
241
822
358
320
188
390
899
291
818
496
637
867
918
978
581
860
318
379
89
19
667
837
219
661
727
152
271
616
574
24
227
349
770
637
390
428
822
564
631
205
445
49
62
59
861
751
626
707
783
332
124
133
480
271
735
747
684
507
370
831
76
492
241
210
829
96
822
291
293
232
952
272
850
828
628
456
571
713
349
390
315
563
461
592
33
232
254
744
722
679
646
464
964
564
89
952
471
837
500
507
723
507
867
173
385
387
24
473
606
251
529
122
902
9
713
876
722
771
18
734
516
973
704
209
387
972
270
899
471
21
860
918
654
491
875
490
595
973
51
550
927
37
53
451
885
121
321
804
228
704
559
51
9
89
981
736
818
396
335
321
564
390
291
674
339
676
100
141
374
276
165
904
387
155
41
169
854
293
902
53
723
514
621
889
673
758
210
758
94
41
842
702
336
422
1
173
358
232
272
952
990
24
728
345
872
73
979
442
758
564
42
120
368
374
789
872
628
754
42
707
324
822
286
395
108
974
18
700
717
335
887
742
521
648
353
532
661
445
270
276
981
82
396
215
854
315
200
606
9
188
201
960
950
875
722
336
152
964
818
246
428
251
270
100
77
100
722
676
902
713
550
422
770
448
846
42
218
899
648
178
846
996
402
720
837
900
918
209
956
602
276
155
979
349
215
918
646
291
616
51
861
64
979
495
603
385
210
828
534
131
875
750
541
664
886
925
717
680
887
